文件: ,G:\desktop\实验图片\4\FLIR7534.jpg

帧 1,30.779,30.746,30.729,30.712,31.197,32.689,34.031,34.648,34.81,34.858,34.47,33.117,32.706,32.557,32.475,32.458,32.491,32.508,32.508,32.607,32.574,32.508,32.409,32.376,32.343,32.145,31.879,31.531,30.947,30.846,31.481,31.796,32.045,32.343,32.409,32.425,32.524,32.64,32.689,32.656,33.051,34.648,35.181,35.342,35.422,35.487,35.567,35.133,34.324,33.608,33.1,32.854,33.002,32.837,32.903,32.623,32.673,32.722,32.804,33.166,33.1,33.067,33.149,33.281,33.248,33.117,33.281,33.362,33.264,33.51,33.673,34.08,35.503,36.239,36.558,36.701,36.653,36.558,35.743,34.616,34.129,33.934,33.771,33.787,33.771,33.82,33.869,33.803,33.803,33.706,33.885,33.999,33.852,34.129,34.031,34.129,34.08,34.129,34.259,34.292,34.34,34.389,34.324,34.243,34.031,33.999,33.983,33.95,33.901,33.95,34.08,34.502,34.955,35.052,35.084,35.068,35.02,34.939,34.567,34.048,34.015,34.031,33.836,33.755,33.755,33.657,33.722,33.934,34.097,34.129,34.194,34.21,34.194,34.324,34.356,34.373,34.356,34.356,34.308,34.227,34.194,34.113,34.015,33.95,33.934,33.983,33.983,33.983,33.95,34.031,33.983,33.901,33.885,33.852,33.771,33.803,33.836,33.82,33.82,33.852,33.82,33.836,33.852,33.885,33.885,33.869,33.852,33.869,33.901,33.901,33.934,33.95,34.048,34.292,34.616,34.794,34.47,34.015,33.803,33.738,33.706,33.722,33.738,33.755,33.771,33.689,33.624,33.575,33.542,33.559,33.559,33.591,33.624,33.64,33.64,33.608,33.591,33.591,33.591,33.591,33.608,33.657,33.689,33.738,33.771,33.803,33.852,33.869,33.82,33.869,33.836,33.755,33.706,33.624,33.559,33.395,33.264,32.985,32.541,32.145,32.012,31.929,31.913,31.83,31.813,31.946,32.178,32.475,32.755,32.985,33.199,33.379,33.64,34.259,36.478,38.64,39.061,39.791,40.424,40.654,40.992,41.283,41.068,40.961,40.593,40.347,39.806,38.796,37.177,35.551,34.68,34.34,34.178,33.591,33.248,33.067,32.952,32.92,32.64,32.524,32.392,32.31,32.227,32.111,32.045,31.979,31.896,31.913,31.929,31.813,31.813,31.846,31.763,31.713,31.68,31.647,31.614,31.597,31.564,31.514,31.497,31.481,31.414,31.281,31.247,31.197,31.131,31.131,31.097,30.963,30.746,30.578,30.544,30.444,30.461,30.124,29.922,29.753,29.651,29.617,29.651,29.685,29.651,29.668,29.736,29.736,29.736,29.719,29.702,29.753,29.871,29.922,30.175,30.326,30.41,30.461,30.494,30.511,30.461,30.477
,30.746,30.712,30.712,30.695,30.963,32.227,33.624,34.502,34.891,35.052,34.81,33.983,33.035,32.64,32.475,32.442,32.475,32.508,32.508,32.491,32.475,32.458,32.343,32.26,32.161,31.996,31.763,31.364,30.746,30.393,30.511,31.181,31.78,31.929,32.128,32.161,32.211,32.442,32.458,32.574,33.035,34.551,35.197,35.374,35.406,35.487,35.487,34.907,33.983,33.281,32.788,32.574,32.706,32.64,32.607,32.59,32.541,32.607,32.623,32.788,32.788,32.64,32.656,32.772,32.755,32.623,32.623,32.837,32.722,32.87,32.887,33.297,33.689,34.987,36.255,36.637,36.669,36.637,36.414,35.583,34.454,33.722,33.444,33.33,33.248,33.313,33.444,33.444,33.395,33.411,33.346,33.444,33.346,33.575,33.477,33.657,33.591,33.689,33.722,33.722,33.918,33.983,33.966,33.999,33.738,33.82,33.869,33.787,33.755,33.771,34.178,34.745,34.955,35.004,35.036,35.02,34.987,34.794,34.275,33.95,33.869,33.82,33.722,33.673,33.689,33.526,33.559,33.673,33.771,33.803,34.08,34.129,34.097,34.162,34.275,34.259,34.227,34.292,34.194,34.08,34.113,34.015,34.031,33.901,33.852,33.983,33.934,33.869,33.918,33.901,33.901,33.836,33.82,33.771,33.722,33.673,33.722,33.706,33.755,33.787,33.755,33.771,33.82,33.836,33.869,33.836,33.852,33.836,33.852,33.852,33.869,33.885,34.097,34.389,34.632,34.729,34.324,33.918,33.771,33.706,33.706,33.689,33.673,33.689,33.689,33.657,33.624,33.559,33.526,33.526,33.559,33.559,33.591,33.591,33.591,33.559,33.575,33.559,33.575,33.575,33.591,33.64,33.673,33.706,33.722,33.738,33.869,33.803,33.836,33.901,33.803,33.722,33.706,33.608,33.493,33.379,33.199,32.804,32.376,32.161,31.996,31.962,31.946,31.813,31.83,31.946,32.178,32.475,32.673,32.821,32.985,33.199,33.461,34.048,36.111,37.997,38.452,39.03,39.698,39.806,39.914,40.362,40.408,40.316,40.084,39.744,39.061,37.997,36.637,35.358,34.47,33.966,33.722,33.428,33.248,32.985,32.755,32.59,32.541,32.442,32.31,32.244,32.145,32.012,31.946,31.913,31.846,31.813,31.83,31.813,31.83,31.78,31.713,31.68,31.647,31.63,31.597,31.58,31.58,31.547,31.497,31.464,31.414,31.331,31.231,31.181,31.131,31.114,31.131,30.963,30.628,30.444,30.444,30.309,30.141,29.753,29.6,29.566,29.566,29.617,29.651,29.685,29.753,29.719,29.753,29.719,29.736,29.702,29.668,29.719,29.837,29.905,30.276,30.326,30.427,30.494,30.494,30.494,30.494,30.461
,30.712,30.729,30.662,30.679,30.779,31.481,32.936,34.243,34.858,35.052,35.197,34.761,33.199,32.788,32.574,32.475,32.491,32.491,32.491,32.524,32.425,32.359,32.277,32.211,32.095,31.879,31.63,31.214,30.595,30.343,30.41,30.595,31.097,31.531,31.83,31.896,31.846,32.045,32.194,32.376,33.035,34.454,35.181,35.342,35.358,35.39,35.422,34.971,33.869,32.821,32.491,32.343,32.458,32.425,32.409,32.458,32.491,32.508,32.524,32.574,32.557,32.475,32.508,32.524,32.458,32.508,32.541,32.64,32.574,32.59,32.656,32.837,32.969,33.51,34.858,36.207,36.669,36.653,36.637,36.399,35.567,34.373,33.526,33.182,33.051,33.018,33.035,33.018,32.969,33.051,32.903,32.969,33.002,33.149,33.133,33.149,33.182,33.231,33.117,33.1,33.149,33.346,33.231,33.149,33.264,33.264,33.215,33.297,33.428,33.428,33.787,34.535,34.955,35.004,35.02,34.971,34.842,34.616,34.08,33.624,33.64,33.493,33.526,33.542,33.493,33.346,33.379,33.395,33.428,33.477,33.836,33.803,33.771,33.689,33.999,33.934,33.966,34.097,33.869,33.885,33.918,33.82,33.869,33.771,33.738,33.771,33.689,33.689,33.755,33.722,33.689,33.689,33.722,33.722,33.689,33.689,33.657,33.673,33.689,33.673,33.624,33.657,33.738,33.755,33.771,33.787,33.803,33.787,33.803,33.803,33.787,33.885,33.999,34.34,34.648,34.648,34.292,33.918,33.706,33.673,33.657,33.591,33.591,33.624,33.608,33.608,33.575,33.51,33.51,33.51,33.526,33.51,33.51,33.526,33.526,33.526,33.51,33.542,33.591,33.542,33.542,33.542,33.608,33.64,33.673,33.657,33.771,33.706,33.738,33.706,33.657,33.64,33.64,33.591,33.493,33.33,33.199,32.854,32.359,32.095,31.946,31.879,31.813,31.747,31.713,31.946,32.277,32.491,32.656,32.739,32.821,32.969,33.297,33.803,35.47,37.24,37.934,38.468,38.843,39.061,39.045,39.388,39.388,39.465,39.217,39.061,38.561,37.588,36.095,34.842,34.21,33.771,33.526,33.33,33.264,32.887,32.607,32.524,32.359,32.376,32.26,32.211,32.045,31.929,31.913,31.846,31.763,31.747,31.763,31.813,31.747,31.664,31.63,31.597,31.63,31.597,31.597,31.597,31.531,31.481,31.447,31.431,31.331,31.281,31.214,31.181,31.164,31.114,31.097,30.896,30.578,30.326,30.158,29.854,29.651,29.549,29.549,29.566,29.617,29.668,29.736,29.77,29.77,29.786,29.753,29.685,29.719,29.702,29.685,29.719,29.786,30.006,30.309,30.343,30.461,30.544,30.561,30.544,30.494,30.427
,30.729,30.712,30.595,30.628,30.695,30.846,32.045,33.722,34.648,34.81,35.068,35.133,34.064,33.002,32.59,32.524,32.491,32.491,32.458,32.524,32.376,32.277,32.26,32.194,32.045,31.68,31.164,31.014,30.444,30.41,30.326,30.36,30.461,30.863,31.331,31.597,31.63,31.713,31.962,32.161,32.952,34.405,35.149,35.358,35.406,35.438,35.422,34.697,33.411,32.623,32.277,32.26,32.293,32.244,32.326,32.161,32.211,32.293,32.31,32.359,32.293,32.244,32.326,32.409,32.425,32.442,32.442,32.475,32.524,32.491,32.508,32.524,32.837,33.084,33.281,34.567,36.095,36.653,36.669,36.653,36.367,35.535,34.373,33.526,33.051,32.92,32.854,32.804,32.788,32.739,32.788,32.804,32.854,32.821,33.002,32.821,32.969,32.903,32.969,33.002,32.92,32.87,32.985,33.051,32.952,33.035,33.1,33.1,33.067,33.215,33.999,34.761,34.939,35.004,34.987,34.939,34.826,34.47,33.755,33.264,33.264,33.264,33.248,33.313,33.264,33.182,33.231,33.199,33.199,33.215,33.395,33.199,33.149,33.117,33.444,33.297,33.395,33.624,33.33,33.608,33.526,33.542,33.591,33.33,33.411,33.313,33.395,33.395,33.395,33.428,33.477,33.379,33.493,33.526,33.542,33.51,33.542,33.559,33.51,33.428,33.51,33.559,33.591,33.64,33.64,33.673,33.722,33.706,33.689,33.722,33.738,33.706,33.755,34.194,34.551,34.567,34.21,33.787,33.542,33.51,33.559,33.51,33.477,33.51,33.526,33.51,33.461,33.428,33.444,33.461,33.477,33.477,33.411,33.411,33.461,33.477,33.461,33.526,33.559,33.477,33.477,33.461,33.526,33.591,33.608,33.608,33.64,33.624,33.608,33.575,33.559,33.51,33.575,33.51,33.461,33.264,33.199,32.87,32.31,32.095,31.913,31.763,31.697,31.664,31.647,31.78,32.178,32.491,32.607,32.673,32.739,32.821,33.018,33.559,34.842,36.335,37.177,37.666,37.934,38.107,38.201,38.28,38.264,38.405,38.233,38.185,37.824,36.86,35.406,34.34,33.852,33.575,33.33,33.215,33.1,32.903,32.739,32.508,32.376,32.178,32.145,32.045,31.979,31.813,31.73,31.73,31.747,31.747,31.747,31.713,31.697,31.597,31.58,31.547,31.63,31.614,31.547,31.547,31.481,31.431,31.397,31.331,31.264,31.231,31.197,31.164,31.131,31.114,30.98,30.83,30.477,30.04,29.753,29.549,29.549,29.533,29.549,29.583,29.685,29.786,29.837,29.82,29.77,29.753,29.736,29.702,29.668,29.702,29.702,29.702,29.803,30.04,30.276,30.36,30.41,30.528,30.528,30.494,30.444,30.36
,30.813,30.628,30.578,30.578,30.578,30.612,31.264,32.837,34.454,34.697,35.213,35.213,34.713,33.395,32.64,32.557,32.508,32.524,32.458,32.425,32.293,32.227,32.178,32.095,31.996,31.763,31.297,30.947,30.511,30.242,30.09,30.073,30.107,30.276,30.645,31.014,31.231,31.464,31.397,31.913,32.706,34.194,35.084,35.39,35.438,35.406,35.149,34.113,32.739,32.227,32.128,32.062,32.145,32.062,32.029,31.846,31.846,31.946,31.979,32.078,32.029,31.929,31.979,32.111,32.227,32.145,32.227,32.194,32.359,32.392,32.293,32.26,32.442,32.557,32.557,33.117,34.502,35.967,36.605,36.637,36.59,36.351,35.647,34.583,33.444,32.985,32.854,32.739,32.64,32.557,32.607,32.557,32.706,32.607,32.689,32.821,32.772,32.772,32.804,32.854,32.722,32.722,32.804,32.87,32.87,32.788,32.804,32.87,33.002,33.444,34.275,34.907,34.955,34.987,34.955,34.891,34.729,34.324,33.51,33.051,33.035,33.133,33.035,33.117,33.133,33.117,33.084,33.051,32.92,32.739,32.755,32.739,32.656,32.772,32.903,32.92,33.067,33.035,32.936,33.199,33.018,33.133,33.215,32.854,32.837,32.821,32.969,32.952,33.067,33.002,32.903,32.92,32.952,33.035,33.199,32.936,33.248,33.362,33.133,33.33,33.411,33.149,33.166,33.199,33.297,33.346,33.477,33.559,33.51,33.493,33.477,33.493,33.624,34.113,34.421,34.356,34.064,33.722,33.395,33.362,33.346,33.346,33.411,33.395,33.428,33.411,33.362,33.379,33.428,33.411,33.411,33.379,33.297,33.313,33.379,33.411,33.411,33.428,33.395,33.379,33.379,33.395,33.444,33.526,33.575,33.542,33.591,33.542,33.493,33.493,33.493,33.444,33.477,33.395,33.297,33.215,33.149,32.854,32.326,31.996,31.796,31.713,31.647,31.547,31.564,31.697,31.929,32.227,32.475,32.524,32.541,32.722,32.887,33.313,34.129,34.858,35.374,35.887,36.111,36.383,36.574,36.812,36.844,36.764,36.876,36.78,36.558,35.807,34.697,33.918,33.575,33.346,33.199,33.018,32.755,32.64,32.524,32.31,32.26,32.161,32.095,31.979,31.846,31.697,31.664,31.664,31.664,31.68,31.664,31.614,31.63,31.58,31.58,31.514,31.514,31.514,31.514,31.514,31.464,31.397,31.331,31.281,31.247,31.197,31.247,31.097,31.08,31.03,30.729,30.477,30.023,29.651,29.533,29.533,29.566,29.617,29.685,29.719,29.837,29.82,29.82,29.82,29.803,29.786,29.786,29.719,29.617,29.6,29.668,29.786,29.922,30.073,30.242,30.343,30.41,30.528,30.544,30.494,30.393,30.309
,30.796,30.544,30.561,30.544,30.561,30.612,30.863,31.863,33.657,34.81,35.197,35.261,35.068,34.097,33.051,32.656,32.557,32.524,32.425,32.326,32.26,32.194,32.145,32.095,31.996,31.78,31.331,31.297,30.41,30.191,30.057,29.955,29.938,30.006,30.191,30.427,30.544,30.896,30.628,31.214,32.194,33.95,35.068,35.406,35.438,35.374,35.084,33.901,32.095,31.597,31.447,31.447,31.58,31.331,31.331,31.147,31.097,31.347,31.564,31.63,31.58,31.531,31.564,31.647,31.697,31.647,31.763,31.78,31.996,31.896,32.062,32.095,32.029,32.078,32.161,32.359,32.969,34.275,35.775,36.526,36.605,36.59,36.43,35.871,34.81,33.591,32.936,32.673,32.508,32.376,32.475,32.326,32.458,32.458,32.392,32.244,32.343,32.425,32.31,32.343,32.541,32.376,32.491,32.59,32.59,32.607,32.557,32.524,32.804,33.575,34.438,34.923,35.02,34.971,34.923,34.826,34.421,33.738,33.215,32.903,32.887,32.87,32.804,32.887,32.985,32.854,32.788,32.821,32.656,32.392,32.409,32.541,32.442,32.458,32.722,32.541,32.739,32.673,32.59,32.574,32.706,32.772,32.574,32.557,32.607,32.673,32.689,32.772,32.656,32.821,32.854,32.788,32.689,32.755,32.821,32.788,32.936,32.804,32.854,33.018,32.854,32.788,32.788,32.821,32.788,32.722,32.739,32.722,33.051,33.002,33.051,32.985,33.281,34.031,34.405,34.454,33.983,33.411,33.1,33.002,32.969,33.035,33.1,33.051,33.166,33.264,33.215,33.281,33.297,33.264,33.281,33.264,33.182,33.215,33.231,33.248,33.264,33.215,33.264,33.281,33.297,33.33,33.313,33.411,33.444,33.461,33.493,33.444,33.411,33.379,33.395,33.411,33.33,33.264,33.199,33.1,33.035,32.739,32.211,31.863,31.796,31.68,31.497,31.464,31.447,31.564,31.913,32.161,32.211,32.31,32.442,32.491,32.524,32.673,33.133,33.395,33.444,33.755,33.803,34.113,34.454,34.6,34.826,34.648,34.874,34.891,34.858,34.502,33.869,33.411,33.149,32.969,32.87,32.739,32.524,32.442,32.244,32.128,32.194,32.045,32.012,31.763,31.68,31.597,31.63,31.63,31.58,31.547,31.547,31.531,31.531,31.514,31.531,31.431,31.447,31.447,31.414,31.397,31.364,31.314,31.281,31.247,31.214,31.181,31.097,30.947,30.695,30.544,29.837,29.668,29.634,29.549,29.533,29.549,29.566,29.753,29.888,29.972,29.938,29.888,29.82,29.803,29.786,29.753,29.685,29.736,29.685,29.634,29.685,29.753,29.938,30.141,30.225,30.292,30.461,30.528,30.528,30.461,30.376,30.326
,30.679,30.528,30.528,30.528,30.544,30.544,30.679,31.397,33.067,34.713,35.036,35.277,35.31,34.794,33.722,32.788,32.574,32.425,32.326,32.211,32.178,32.128,32.095,32.029,31.929,31.697,31.114,30.846,30.427,30.191,30.023,29.905,29.871,29.888,29.955,30.057,30.057,30.191,30.376,30.36,31.913,34.048,35.229,35.535,35.551,35.47,34.794,33.199,31.381,30.779,30.544,30.511,30.477,30.41,30.511,30.393,30.326,30.628,30.863,30.846,30.796,30.779,30.695,30.796,30.796,30.544,30.309,30.528,30.695,30.896,30.963,31.097,31.381,31.481,31.464,31.481,31.697,32.31,33.575,35.181,36.271,36.605,36.59,36.542,36.255,34.987,33.755,32.92,32.425,32.211,32.178,32.095,32.161,32.277,32.078,32.029,32.029,32.012,32.045,32.145,32.194,32.095,32.178,32.26,32.244,32.211,32.293,32.425,32.689,33.559,34.6,35.02,35.052,34.971,34.923,34.777,34.162,33.035,32.722,32.689,32.706,32.574,32.524,32.524,32.656,32.475,32.409,32.409,32.343,32.359,32.376,32.359,32.326,32.26,32.425,32.326,32.442,32.376,32.574,32.392,32.425,32.491,32.392,32.458,32.458,32.442,32.557,32.442,32.557,32.541,32.59,32.607,32.689,32.689,32.673,32.706,32.673,32.607,32.623,32.689,32.623,32.623,32.524,32.524,32.574,32.524,32.425,32.508,32.541,32.59,32.557,32.508,32.969,33.771,34.227,34.34,33.689,33.067,32.821,32.739,32.788,32.804,32.887,32.722,32.623,32.804,32.887,33.018,33.067,33.035,33.067,33.035,33.035,32.969,32.837,32.92,33.018,33.035,33.1,33.002,33.084,33.166,33.133,33.215,33.199,33.297,33.281,33.264,33.231,33.133,33.166,33.199,33.067,33.1,33.051,32.92,32.936,32.673,32.244,31.813,31.713,31.58,31.464,31.431,31.381,31.447,31.763,32.062,32.095,32.145,32.26,32.343,32.376,32.442,32.656,32.788,32.772,32.87,32.92,33.199,33.018,33.444,33.281,33.313,33.444,33.428,33.461,33.428,33.33,33.084,32.854,32.656,32.59,32.524,32.376,32.227,32.062,32.012,32.062,31.929,31.73,31.63,31.63,31.58,31.58,31.514,31.464,31.481,31.481,31.447,31.464,31.464,31.431,31.381,31.381,31.481,31.347,31.297,31.264,31.247,31.214,31.181,31.131,31.097,30.997,30.494,30.006,29.871,29.651,29.566,29.549,29.533,29.583,29.685,29.871,30.124,30.225,30.124,29.972,29.938,29.837,29.786,29.786,29.753,29.702,29.719,29.651,29.617,29.685,29.786,29.955,30.124,30.191,30.208,30.393,30.461,30.461,30.393,30.36,30.343
,30.679,30.645,30.544,30.528,30.578,30.578,30.544,30.813,31.813,33.885,34.971,35.358,35.47,35.245,34.356,33.051,32.59,32.376,32.26,32.161,32.128,32.062,31.996,31.962,31.913,31.763,31.447,30.98,30.393,30.191,30.057,29.922,29.837,29.803,29.753,29.786,29.922,30.124,30.073,30.208,31.68,33.608,35.036,35.535,35.551,35.294,34.243,32.376,30.83,30.393,30.057,29.989,29.938,29.922,29.972,29.972,29.955,30.124,30.09,30.006,30.191,30.175,30.023,30.141,30.141,30.191,30.158,30.04,30.09,30.158,30.175,30.36,30.427,30.578,30.612,30.628,30.712,30.846,31.431,32.788,34.551,35.967,36.494,36.59,36.574,36.319,35.823,34.227,32.772,32.145,31.78,31.796,31.713,31.58,31.697,31.397,31.614,31.713,31.713,31.713,31.68,31.664,31.713,31.846,31.913,31.913,32.029,32.161,32.524,33.673,34.891,35.165,35.116,34.987,34.891,34.535,33.575,32.623,32.376,32.376,32.491,32.326,32.343,32.26,32.277,32.194,32.161,32.194,32.111,32.194,32.111,32.062,31.996,32.012,32.26,31.929,32.26,32.161,32.244,32.293,32.359,32.343,32.392,32.376,32.376,32.326,32.326,32.326,32.326,32.326,32.359,32.326,32.425,32.475,32.425,32.425,32.491,32.557,32.343,32.475,32.508,32.409,32.326,32.26,32.194,32.26,32.244,32.31,32.359,32.409,32.359,32.425,32.706,33.722,34.308,34.275,33.689,32.903,32.64,32.656,32.607,32.722,32.64,32.623,32.673,32.673,32.623,32.656,32.821,32.755,32.689,32.772,32.788,32.772,32.772,32.722,32.689,32.706,32.689,32.739,32.854,32.821,32.755,32.952,32.936,32.92,32.87,32.788,32.788,32.722,32.837,32.772,32.722,32.788,32.739,32.673,32.772,32.491,32.111,31.83,31.63,31.431,31.347,31.331,31.347,31.397,31.747,31.996,32.045,32.111,32.211,32.277,32.326,32.359,32.409,32.458,32.541,32.706,32.656,32.772,32.854,32.92,32.854,33.149,33.199,33.1,33.051,33.084,33.133,32.92,32.64,32.425,32.409,32.359,32.194,32.095,31.913,31.879,31.796,31.713,31.713,31.58,31.531,31.547,31.464,31.397,31.364,31.331,31.381,31.414,31.397,31.381,31.347,31.331,31.281,31.397,31.347,31.297,31.181,31.164,31.047,30.88,30.695,30.376,29.989,29.871,29.702,29.736,29.685,29.685,29.566,29.651,29.871,30.175,30.393,30.477,30.444,30.073,30.04,29.955,29.837,29.77,29.753,29.736,29.719,29.685,29.668,29.634,29.617,29.753,29.888,30.057,30.175,30.191,30.343,30.376,30.36,30.36,30.343,30.276
,30.628,30.544,30.494,30.461,30.461,30.511,30.561,30.679,31.231,32.969,34.583,35.31,35.551,35.519,34.955,33.738,32.87,32.409,32.425,32.244,32.045,31.979,31.929,31.863,31.879,31.83,31.564,31.08,30.494,30.191,30.04,29.922,29.82,29.753,29.719,29.702,29.736,29.905,29.955,30.057,31.431,33.411,34.891,35.438,35.326,34.405,32.656,31.147,30.461,30.04,29.938,29.854,29.871,29.854,29.82,29.786,29.77,29.77,29.77,29.736,29.668,29.736,29.871,29.837,29.888,29.837,29.837,29.854,29.955,29.989,29.905,29.955,29.972,30.04,30.073,30.124,30.191,30.242,30.477,30.98,31.962,33.999,35.679,36.399,36.621,36.605,36.51,36.095,34.842,32.722,31.962,31.464,31.231,31.131,31.131,31.064,31.064,31.114,30.997,31.264,31.447,31.381,31.331,31.397,31.497,31.63,31.713,31.83,32.689,34.21,35.116,35.229,35.165,35.004,34.794,33.95,32.508,32.062,31.979,31.879,31.946,31.813,31.962,31.896,31.913,31.863,31.879,31.896,31.946,31.68,31.863,31.913,31.763,31.514,31.63,31.63,31.78,31.83,31.979,32.277,31.846,32.029,31.946,31.697,31.879,31.846,32.062,31.929,32.029,31.979,32.145,32.128,32.078,32.128,32.095,32.111,32.227,32.244,32.293,32.244,32.26,32.161,32.211,31.996,32.145,32.161,32.078,32.145,32.128,32.244,32.359,32.425,32.59,33.461,34.048,33.95,33.133,32.574,32.442,32.409,32.392,32.326,32.31,32.326,32.277,32.376,32.541,32.574,32.475,32.524,32.574,32.442,32.623,32.788,32.64,32.557,32.508,32.557,32.623,32.64,32.623,32.541,32.574,32.524,32.623,32.541,32.376,32.376,32.442,32.409,32.574,32.491,32.458,32.458,32.524,32.376,32.508,32.293,31.979,31.763,31.514,31.331,31.281,31.264,31.231,31.331,31.68,31.929,32.029,32.128,32.194,32.26,32.293,32.31,32.343,32.376,32.442,32.475,32.557,32.607,32.59,32.722,32.722,32.87,32.706,32.887,32.887,32.722,32.722,32.491,32.343,32.244,32.227,32.145,32.029,31.929,31.83,31.78,31.664,31.63,31.597,31.531,31.431,31.431,31.364,31.364,31.347,31.364,31.364,31.331,31.297,31.264,31.281,31.231,31.264,31.164,31.164,31.047,30.846,30.612,30.309,30.141,29.989,29.77,29.651,29.634,29.617,29.702,29.566,29.651,29.651,29.786,30.461,30.863,30.662,30.36,30.276,30.073,30.057,30.006,29.854,29.753,29.719,29.702,29.668,29.634,29.634,29.566,29.668,29.685,29.803,30.09,30.276,30.225,30.276,30.326,30.259,30.343,30.292,30.208
,30.645,30.494,30.461,30.444,30.477,30.528,30.544,30.645,30.98,32.178,33.95,34.971,35.454,35.679,35.567,34.842,33.166,32.64,32.392,32.293,32.194,32.095,31.996,31.896,31.846,31.647,31.431,30.98,30.494,30.175,30.023,29.922,29.837,29.753,29.719,29.702,29.753,29.753,29.82,30.191,31.597,33.852,35.213,35.454,35.084,33.673,31.397,30.41,30.225,29.837,29.871,29.803,29.786,29.77,29.753,29.719,29.685,29.668,29.634,29.634,29.651,29.634,29.702,29.719,29.719,29.871,29.685,29.753,29.837,29.837,29.803,29.837,29.854,29.871,29.905,29.938,29.989,30.09,30.158,30.208,30.528,31.597,33.362,35.1,36.271,36.526,36.605,36.558,36.494,35.759,34.68,32.755,31.896,31.214,31.014,30.947,30.98,31.064,30.896,30.98,31.214,31.214,31.131,31.164,31.231,31.447,31.946,32.689,33.869,34.923,35.165,35.181,34.987,34.632,34.243,32.92,31.713,31.314,31.347,31.297,31.297,31.247,31.281,31.214,31.214,31.181,31.014,31.281,31.281,31.164,31.347,31.114,31.497,31.447,31.264,31.364,31.264,31.564,31.846,31.381,31.564,31.63,31.83,31.531,31.547,31.497,31.68,31.597,31.747,31.73,31.68,31.664,31.713,31.697,31.73,31.83,32.012,32.062,32.029,31.979,31.879,31.78,31.796,31.796,31.846,31.896,31.846,31.73,31.846,31.979,32.128,32.145,32.458,33.444,33.95,33.901,33.051,32.392,32.326,32.343,32.26,32.194,32.194,32.178,32.194,32.26,32.326,32.343,32.359,32.31,32.277,32.26,32.31,32.343,32.326,32.425,32.475,32.359,32.442,32.425,32.326,32.409,32.458,32.359,32.392,32.442,32.376,32.244,32.293,32.26,32.524,32.442,32.244,32.326,32.425,32.161,32.31,32.161,31.962,31.564,31.364,31.297,31.264,31.164,31.064,31.131,31.58,31.863,31.962,32.062,32.178,32.244,32.277,32.31,32.326,32.359,32.409,32.458,32.508,32.607,32.59,32.541,32.508,32.557,32.623,32.689,32.673,32.343,32.194,32.161,32.128,32.111,32.029,31.929,31.863,31.78,31.713,31.647,31.614,31.564,31.481,31.447,31.364,31.364,31.281,31.247,31.197,31.197,31.214,31.181,31.03,30.997,31.231,31.231,31.114,30.913,30.662,30.444,30.158,29.871,29.617,29.634,29.651,29.702,29.685,29.583,29.634,29.668,29.77,29.803,30.124,30.645,30.947,30.93,30.679,30.393,30.259,30.175,30.057,30.057,29.888,29.77,29.719,29.685,29.634,29.634,29.651,29.583,29.634,29.702,29.803,30.006,30.124,30.158,30.242,30.242,30.343,30.326,30.225,30.242
,30.645,30.477,30.41,30.376,30.393,30.461,30.477,30.528,30.83,31.713,33.182,34.421,35.197,35.679,35.823,35.615,34.227,33.166,32.541,32.425,32.31,32.128,32.029,31.929,31.813,31.347,31.214,30.83,30.444,30.208,30.124,30.006,29.854,29.77,29.685,29.668,29.719,29.77,29.77,30.225,32.31,34.356,35.277,35.39,34.583,32.607,30.662,30.141,30.006,29.82,29.753,29.702,29.634,29.668,29.651,29.634,29.617,29.583,29.583,29.549,29.549,29.566,29.6,29.634,29.685,29.651,29.6,29.617,29.651,29.736,29.685,29.736,29.77,29.803,29.837,29.854,29.871,29.938,29.938,29.922,30.175,30.309,30.511,32.045,34.194,35.919,36.494,36.558,36.446,36.303,36.127,35.551,34.826,33.64,32.656,31.63,31.247,31.164,31.03,30.963,31.131,31.214,31.281,31.497,31.846,32.508,33.379,34.308,35.068,35.294,35.197,34.939,34.34,33.379,32.788,31.647,31.181,31.247,31.214,31.197,31.147,31.264,31.181,31.114,31.08,30.997,30.913,31.08,30.83,30.83,30.796,30.679,30.729,30.662,30.662,30.746,30.896,31.064,31.047,31.114,30.997,30.947,30.729,30.813,31.264,31.264,31.414,30.98,30.93,30.846,30.98,30.913,30.863,30.997,31.231,31.314,31.597,31.697,31.68,31.63,31.614,31.547,31.347,31.381,31.414,31.481,31.464,31.447,31.564,31.531,31.697,31.913,32.277,33.297,33.722,33.689,32.837,32.227,32.161,32.161,32.161,32.145,32.128,32.111,32.145,32.244,32.244,32.145,32.111,32.128,32.145,32.128,32.111,32.145,32.161,32.161,32.161,32.211,32.227,32.211,32.227,32.244,32.244,32.128,32.111,32.211,32.194,32.062,32.078,32.145,32.26,32.227,32.178,32.26,32.078,32.128,32.078,32.029,31.846,31.447,31.347,31.231,31.131,31.014,30.93,30.93,31.447,31.796,31.946,32.012,32.111,32.227,32.277,32.26,32.26,32.277,32.326,32.392,32.442,32.508,32.442,32.491,32.442,32.508,32.475,32.376,32.211,32.111,32.062,32.029,32.012,31.979,31.863,31.796,31.747,31.697,31.63,31.531,31.481,31.431,31.381,31.331,31.314,31.264,31.197,31.08,31.047,31.047,31.03,31.097,31.064,31.014,30.997,30.813,30.477,30.191,29.989,30.023,29.651,29.702,29.533,29.533,29.634,29.736,29.753,29.702,29.77,30.107,30.494,30.511,30.813,30.963,30.997,30.963,30.846,30.695,30.511,30.326,30.208,29.871,29.82,29.803,29.702,29.651,29.634,29.617,29.651,29.566,29.651,29.702,29.77,29.938,30.107,30.191,30.191,30.276,30.208,30.191,30.259,30.208
,30.561,30.427,30.343,30.343,30.393,30.41,30.41,30.477,30.813,31.63,32.458,33.771,35.052,35.663,35.807,35.823,35.454,33.787,32.689,32.359,32.326,32.178,32.029,31.979,31.863,31.414,31.131,30.712,30.461,30.292,30.191,30.057,29.905,29.854,29.77,29.668,29.617,29.702,29.922,30.963,33.297,34.907,35.342,35.294,34.275,31.996,30.376,29.955,29.837,29.736,29.634,29.583,29.465,29.533,29.549,29.516,29.516,29.499,29.499,29.499,29.465,29.431,29.448,29.533,29.549,29.499,29.499,29.549,29.583,29.6,29.583,29.6,29.634,29.702,29.753,29.77,29.77,29.82,29.786,29.803,29.989,30.006,29.955,30.158,30.93,33.084,35.229,36.271,36.303,36.462,36.399,36.223,36.015,35.647,35.181,34.373,33.852,33.346,32.887,32.706,32.689,32.722,32.821,33.149,33.689,34.389,34.923,35.229,35.277,35.165,34.923,34.243,33.018,31.913,31.397,31.281,31.147,31.197,31.197,31.047,31.131,31.181,31.147,31.164,31.131,30.98,30.947,30.779,30.763,30.779,30.763,30.679,30.645,30.595,30.628,30.561,30.645,30.729,30.712,30.729,30.561,30.477,30.444,30.544,30.779,30.679,30.628,30.494,30.477,30.41,30.393,30.444,30.393,30.477,30.561,30.896,31.247,31.281,31.264,31.08,30.947,30.93,30.863,30.913,30.93,30.88,30.88,31.131,31.247,31.281,31.414,31.58,32.012,33.166,33.657,33.591,32.739,32.145,32.012,32.078,32.145,32.128,32.062,32.062,32.128,32.211,32.095,31.996,32.045,32.062,32.012,31.962,31.979,31.996,31.996,31.962,31.913,31.896,31.913,31.863,31.73,31.846,31.83,31.68,31.813,31.846,31.896,31.664,31.697,31.929,31.913,31.996,32.078,31.996,31.929,31.996,31.996,32.062,31.83,31.497,31.364,31.114,30.98,30.93,30.913,30.863,31.231,31.697,31.846,31.929,32.062,32.178,32.194,32.194,32.227,32.227,32.26,32.326,32.392,32.409,32.343,32.293,32.359,32.293,32.277,32.244,32.178,32.095,31.979,31.962,31.913,31.879,31.78,31.747,31.697,31.647,31.58,31.481,31.397,31.331,31.281,31.264,31.281,31.164,31.08,31.08,31.064,31.03,30.997,30.947,30.813,30.628,30.309,29.989,29.972,29.854,29.6,29.702,29.668,29.786,29.549,29.6,29.753,29.922,30.124,30.225,30.309,30.595,30.83,30.83,30.947,30.963,31.014,30.997,30.88,30.561,30.292,30.343,30.175,29.922,29.719,29.719,29.668,29.651,29.617,29.617,29.651,29.6,29.6,29.702,29.719,29.888,30.006,30.124,30.208,30.175,30.225,30.141,30.242,30.175
,30.477,30.393,30.326,30.343,30.41,30.393,30.343,30.494,30.779,31.597,32.161,33.182,34.664,35.519,35.887,35.999,35.903,34.826,33.444,32.673,32.425,32.26,32.078,31.962,31.68,31.414,31.097,30.628,30.41,30.292,30.124,29.972,29.905,29.82,30.006,29.753,29.668,29.736,30.006,31.531,33.934,35.245,35.326,35.036,33.738,31.414,30.158,29.803,29.719,29.634,29.566,29.499,29.38,29.346,29.38,29.397,29.38,29.38,29.363,29.38,29.414,29.38,29.38,29.414,29.465,29.397,29.414,29.448,29.482,29.499,29.516,29.549,29.549,29.566,29.617,29.668,29.702,29.685,29.668,29.668,29.77,29.736,29.702,29.786,30.023,30.326,31.664,33.411,35.406,36.271,36.383,36.367,36.287,36.191,36.111,35.839,35.631,35.326,34.987,34.858,34.81,34.761,34.794,34.939,35.245,35.406,35.358,35.342,35.245,34.81,33.95,32.87,31.73,31.247,31.197,31.214,31.114,31.147,31.214,31.197,31.131,31.131,31.147,31.181,31.097,31.014,30.896,30.863,30.796,30.779,30.779,30.695,30.628,30.544,30.612,30.544,30.511,30.494,30.444,30.444,30.393,30.309,30.343,30.376,30.41,30.393,30.343,30.292,30.326,30.259,30.158,30.259,30.191,30.276,30.393,30.796,31.197,31.147,31.08,30.779,30.578,30.628,30.662,30.645,30.628,30.511,30.494,30.796,31.014,31.231,31.281,31.347,31.813,33.067,33.591,33.264,32.623,32.359,32.211,32.178,32.194,32.161,32.194,32.326,32.887,33.379,33.117,32.508,32.211,32.145,32.045,31.979,31.962,31.946,31.929,31.863,31.813,31.78,31.713,31.747,31.697,31.58,31.464,31.564,31.481,31.564,31.63,31.564,31.564,31.68,31.531,31.647,31.697,31.763,31.813,31.68,31.83,31.83,31.547,31.331,31.231,31.097,30.963,30.913,30.963,30.83,31.014,31.597,31.747,31.78,31.929,31.996,31.979,32.029,32.111,32.111,32.128,32.244,32.227,32.111,32.178,32.078,32.178,32.211,32.062,32.145,31.946,31.913,31.846,31.83,31.813,31.763,31.73,31.697,31.647,31.614,31.514,31.397,31.364,31.314,31.231,31.197,31.197,31.131,30.963,31.097,30.695,30.846,30.679,30.343,29.989,29.753,29.753,29.803,29.719,29.753,29.719,29.719,29.668,29.549,29.617,29.854,30.09,30.376,30.679,30.813,30.813,30.846,30.846,30.88,30.93,30.913,30.863,30.712,30.679,30.528,30.326,30.242,30.057,29.854,29.702,29.634,29.668,29.651,29.634,29.617,29.634,29.617,29.617,29.668,29.719,29.871,29.989,30.073,30.107,30.107,30.107,30.175,30.191,30.191
,30.427,30.376,30.343,30.326,30.376,30.343,30.36,30.427,30.679,31.497,32.012,32.376,33.231,34.68,35.903,36.143,36.047,35.743,34.648,33.395,32.623,32.277,32.145,32.029,31.647,31.281,31.014,30.528,30.276,30.158,30.073,30.006,29.888,29.77,29.803,29.77,29.82,29.922,30.612,32.442,34.421,35.342,35.261,34.551,32.656,30.578,29.871,29.803,29.583,29.6,29.566,29.414,29.346,29.312,29.278,29.244,29.278,29.329,29.329,29.329,29.312,29.329,29.312,29.329,29.363,29.312,29.329,29.346,29.397,29.431,29.448,29.499,29.499,29.499,29.533,29.583,29.617,29.617,29.651,29.634,29.634,29.634,29.685,29.854,29.82,29.955,30.208,30.712,32.211,33.722,34.907,35.951,36.287,36.255,36.191,36.079,35.999,35.935,35.839,35.759,35.727,35.679,35.615,35.535,35.487,35.422,35.342,35.197,34.745,33.934,32.343,31.597,31.364,31.414,31.364,31.347,31.314,31.314,31.281,31.214,31.247,31.181,31.214,31.197,31.147,31.08,31.014,30.863,30.83,30.796,30.746,30.695,30.662,30.561,30.578,30.528,30.461,30.393,30.36,30.309,30.259,30.208,30.276,30.259,30.276,30.309,30.276,30.225,30.225,30.191,30.09,30.124,30.107,30.158,30.259,30.628,31.047,31.097,31.014,30.712,30.528,30.561,30.477,30.477,30.511,30.393,30.41,30.528,30.746,30.947,30.98,31.064,31.647,32.755,33.346,33.117,32.524,32.178,32.145,32.145,32.178,32.078,32.029,32.161,32.574,32.936,32.788,32.475,32.26,32.161,32.095,32.062,32.045,31.946,31.879,31.813,31.813,31.713,31.497,31.381,31.314,31.297,31.264,31.331,31.147,31.014,30.93,31.064,30.846,30.963,31.014,31.464,31.03,30.913,31.247,31.164,31.331,31.414,31.481,31.247,31.231,31.08,31.047,30.98,30.913,30.846,30.863,31.281,31.497,31.531,31.697,31.763,31.763,31.78,31.83,31.813,31.863,31.946,31.929,31.946,31.946,31.896,32.012,31.962,31.946,31.929,31.846,31.813,31.83,31.747,31.796,31.713,31.697,31.597,31.564,31.531,31.397,31.297,31.314,31.281,31.164,31.114,31.064,31.03,30.645,30.679,30.259,30.057,29.972,29.77,29.6,29.583,29.6,29.549,29.549,29.583,29.634,29.668,29.566,29.668,29.938,30.292,30.444,30.779,30.98,30.997,30.947,30.88,30.83,30.83,30.863,30.763,30.729,30.645,30.561,30.494,30.376,30.225,30.057,29.77,29.651,29.617,29.651,29.617,29.583,29.566,29.549,29.583,29.651,29.634,29.702,29.854,29.972,30.057,30.09,30.073,30.124,30.259,30.124,30.158
,30.477,30.393,30.326,30.292,30.309,30.309,30.326,30.36,30.729,31.347,31.796,32.012,32.442,33.591,35.567,35.903,36.111,36.159,35.695,34.519,33.199,32.491,32.26,32.145,31.896,31.531,31.164,30.628,30.259,30.057,29.938,29.955,29.905,29.82,29.753,29.77,29.938,30.36,31.697,33.624,34.971,35.326,35.036,33.885,31.614,30.023,29.753,29.803,29.516,29.448,29.431,29.312,29.261,29.295,29.295,29.261,29.244,29.244,29.261,29.295,29.261,29.261,29.244,29.261,29.278,29.261,29.244,29.278,29.346,29.363,29.363,29.363,29.38,29.431,29.499,29.499,29.482,29.482,29.533,29.549,29.617,29.719,29.617,29.685,29.685,29.753,29.786,29.803,30.242,30.896,31.863,33.182,34.243,35.116,35.647,35.871,35.951,35.967,35.919,35.823,35.759,35.711,35.615,35.503,35.358,35.084,34.761,34.275,33.051,32.111,31.564,31.397,31.73,32.227,32.706,33.084,33.379,33.673,33.706,33.885,33.95,33.983,33.934,33.918,33.379,32.952,32.574,32.277,31.913,31.83,31.697,31.247,30.846,30.813,30.695,30.561,30.444,30.376,30.326,30.259,30.225,30.175,30.191,30.208,30.242,30.292,30.259,30.191,30.158,30.141,30.09,30.073,30.073,30.09,30.158,30.36,30.779,31.047,31.03,30.896,30.746,30.729,30.477,30.36,30.36,30.309,30.36,30.326,30.444,30.595,30.662,30.763,31.481,32.59,33.166,32.952,32.145,31.63,31.664,31.73,31.647,31.614,31.597,31.647,31.697,31.713,31.697,31.697,31.763,31.796,31.664,31.63,31.597,31.547,31.58,31.614,31.597,31.464,31.397,31.264,31.08,31.047,30.913,30.544,30.427,30.544,30.477,30.393,30.41,30.326,30.242,30.326,30.175,30.292,30.343,30.343,30.846,31.197,31.431,31.347,31.264,31.097,30.846,30.863,30.863,30.796,30.461,30.544,30.662,30.83,30.947,31.014,31.114,31.08,31.064,31.114,31.247,31.331,31.347,31.397,31.414,31.447,31.514,31.73,31.68,31.796,31.763,31.647,31.547,31.564,31.597,31.58,31.447,31.397,31.397,31.314,31.181,31.147,31.164,31.131,31.014,30.913,30.645,30.41,30.107,29.989,29.905,29.617,29.6,29.583,29.516,29.533,29.516,29.533,29.566,29.549,29.482,29.465,29.719,29.736,29.938,30.259,30.628,30.863,30.98,30.947,30.88,30.846,30.83,30.813,30.88,30.813,30.612,30.528,30.477,30.393,30.326,30.175,29.922,29.736,29.685,29.651,29.566,29.499,29.516,29.516,29.533,29.566,29.6,29.617,29.668,29.82,29.922,30.023,30.057,30.04,30.057,30.057,30.242,30.158
,30.511,30.41,30.309,30.259,30.309,30.292,30.276,30.326,30.88,31.531,31.813,31.879,32.111,32.524,34.178,35.454,36.079,36.303,36.239,35.695,34.502,33.248,32.475,32.244,31.846,31.614,31.197,30.595,30.292,30.141,29.905,29.905,29.837,29.837,29.837,29.955,30.107,31.197,33.002,34.632,35.342,35.31,34.68,33.002,30.846,29.837,29.685,29.719,29.465,29.414,29.295,29.227,29.244,29.244,29.227,29.176,29.176,29.244,29.227,29.244,29.244,29.193,29.21,29.193,29.21,29.21,29.193,29.227,29.261,29.261,29.278,29.312,29.329,29.346,29.397,29.431,29.431,29.414,29.482,29.499,29.482,29.533,29.465,29.549,29.634,29.6,29.6,29.6,29.685,29.922,30.124,30.746,31.647,32.524,33.313,33.966,34.373,34.713,34.923,34.939,34.955,34.907,34.81,34.616,34.227,33.559,32.722,32.145,31.531,31.381,31.547,32.26,33.346,34.145,34.356,34.971,35.149,35.197,35.052,35.503,35.519,35.759,35.855,35.999,35.935,35.743,35.422,35.342,35.036,34.761,34.551,34.145,33.657,33.1,32.045,31.564,30.913,30.511,30.292,30.225,30.225,30.158,30.141,30.158,30.191,30.292,30.276,30.158,30.107,30.09,30.057,30.057,30.057,30.057,30.09,30.242,30.712,30.997,31.064,31.097,31.014,31.03,30.612,30.326,30.225,30.225,30.225,30.208,30.259,30.393,30.477,30.628,31.497,32.607,33.084,32.755,31.713,31.047,30.93,31.097,31.047,30.98,31.097,30.997,30.947,30.963,31.014,31.03,31.147,31.147,30.997,31.03,31.014,30.947,30.947,30.93,30.846,30.779,30.712,30.578,30.628,30.695,30.477,30.242,30.225,30.326,30.376,30.326,30.208,30.057,30.023,29.989,29.972,30.04,30.023,29.972,30.141,30.679,31.381,31.297,31.231,31.097,30.779,30.796,30.83,30.444,29.431,29.651,29.549,29.617,29.634,29.719,29.905,29.955,29.922,29.989,30.124,30.191,30.175,30.158,30.208,30.225,30.326,30.679,30.83,30.947,30.863,30.746,30.863,30.913,31.03,30.88,30.997,31.047,30.997,30.83,30.846,30.796,30.729,30.712,30.612,30.343,29.922,29.668,29.668,29.6,29.634,29.516,29.516,29.516,29.482,29.499,29.499,29.482,29.499,29.482,29.363,29.482,29.719,29.922,30.073,30.242,30.662,30.83,30.896,30.88,30.863,30.863,30.83,30.846,30.863,30.846,30.494,30.461,30.376,30.292,30.259,30.242,30.073,29.82,29.736,29.583,29.533,29.499,29.482,29.516,29.549,29.566,29.583,29.6,29.685,29.77,29.871,29.972,30.023,30.04,30.04,30.006,29.989,30.006
,30.427,30.36,30.309,30.259,30.276,30.259,30.208,30.276,30.612,31.214,31.68,31.796,31.913,32.012,32.903,34.34,35.615,36.255,36.383,36.319,35.903,34.68,33.133,32.59,32.029,31.73,31.231,30.561,30.242,30.158,29.955,29.888,29.837,29.837,29.922,30.158,30.997,32.491,34.178,35.213,35.422,35.133,34.064,32.045,29.905,29.651,29.549,29.414,29.499,29.346,29.261,29.21,29.159,29.176,29.176,29.159,29.159,29.176,29.176,29.193,29.193,29.159,29.159,29.125,29.142,29.159,29.159,29.176,29.21,29.227,29.227,29.244,29.278,29.312,29.346,29.38,29.38,29.414,29.448,29.431,29.397,29.533,29.397,29.431,29.516,29.499,29.516,29.516,29.549,29.668,29.685,29.905,30.292,30.595,30.846,31.231,31.614,32.029,32.376,32.508,32.607,32.623,32.541,32.211,31.614,31.364,30.947,31.03,30.913,31.064,31.364,31.614,31.929,32.31,33.067,34.162,34.405,34.971,35.02,35.229,35.294,35.374,35.358,35.374,35.294,35.294,35.213,35.084,34.891,34.842,34.826,35.133,34.987,34.745,34.292,33.836,32.689,31.08,30.393,30.208,30.191,30.124,30.09,30.141,30.208,30.41,30.309,30.124,30.073,30.057,30.023,29.989,30.006,29.989,30.006,30.124,30.729,30.93,30.997,31.131,31.131,31.114,30.645,30.292,30.191,30.191,30.141,30.158,30.175,30.276,30.393,30.628,31.647,32.607,32.985,32.607,31.464,30.645,30.393,30.528,30.612,30.461,30.477,30.376,30.309,30.376,30.444,30.461,30.511,30.528,30.511,30.477,30.511,30.477,30.41,30.309,30.292,30.343,30.259,30.208,30.225,30.191,30.09,30.04,30.073,30.175,30.276,30.259,30.057,29.938,29.905,29.938,29.955,29.989,29.888,29.736,29.922,30.259,31.164,31.214,31.08,30.963,30.813,30.628,30.494,29.6,29.125,29.074,29.006,28.921,28.904,28.938,28.972,29.142,29.074,29.159,29.21,29.227,29.21,29.244,29.363,29.363,29.38,29.549,29.6,29.617,29.6,29.6,29.6,29.431,29.651,29.6,29.465,29.549,29.516,30.006,30.04,30.006,29.938,29.905,29.854,29.617,29.465,29.465,29.482,29.516,29.448,29.397,29.448,29.414,29.448,29.465,29.448,29.465,29.431,29.38,29.38,29.448,29.566,29.786,29.82,30.444,30.729,30.846,30.88,30.863,30.863,30.863,30.863,30.846,30.746,30.729,30.427,30.393,30.326,30.242,30.208,30.191,30.006,29.753,29.719,29.651,29.549,29.482,29.499,29.499,29.516,29.549,29.583,29.617,29.668,29.719,29.803,29.938,30.006,30.073,30.09,30.023,29.938,30.09
,30.292,30.276,30.276,30.191,30.242,30.175,30.191,30.191,30.662,31.331,31.763,31.846,31.879,31.896,32.178,33.002,34.632,35.839,36.319,36.51,36.542,36.175,34.826,33.722,32.623,31.647,31.231,30.796,30.326,30.158,30.04,29.854,29.854,29.905,30.073,30.896,32.458,33.95,34.971,35.39,35.245,34.486,32.804,30.98,29.736,29.533,29.431,29.363,29.295,29.244,29.176,29.091,29.074,29.108,29.142,29.142,29.159,29.125,29.057,29.125,29.125,29.108,29.091,29.074,29.074,29.108,29.142,29.142,29.159,29.193,29.193,29.21,29.244,29.261,29.278,29.295,29.312,29.346,29.363,29.363,29.346,29.397,29.346,29.346,29.414,29.431,29.448,29.465,29.482,29.482,29.583,29.668,29.854,30.057,30.158,30.175,30.276,30.393,30.494,30.612,30.679,30.83,30.796,30.779,30.746,30.662,30.729,30.695,30.729,30.83,30.947,31.131,31.297,31.68,33.231,34.454,34.438,34.502,35.036,36.399,36.796,37.05,36.86,36.876,36.478,36.542,36.047,35.679,35.422,34.939,34.858,35.036,34.438,33.493,33.51,33.444,32.788,31.147,30.511,30.259,30.175,30.09,30.09,30.141,30.225,30.578,30.326,30.09,30.04,29.955,29.972,29.922,29.938,29.922,29.922,29.922,30.427,30.763,30.963,31.131,31.164,31.114,30.763,30.376,30.191,30.141,30.124,30.107,30.124,30.242,30.41,30.846,31.68,32.557,32.87,32.343,31.197,30.461,30.259,30.208,30.259,30.124,30.04,30.023,29.989,29.972,30.006,29.989,30.107,30.158,30.175,30.09,30.124,30.124,30.124,30.073,30.057,30.057,30.006,30.006,29.972,29.922,29.888,29.888,29.955,30.124,30.259,30.124,29.938,29.854,29.837,29.77,29.82,29.888,29.702,29.431,29.329,29.414,29.938,30.09,30.292,30.578,30.763,30.612,30.208,29.346,28.887,29.006,28.801,28.836,28.801,28.801,28.801,28.819,28.819,28.955,28.955,28.955,28.938,29.006,29.125,29.108,29.074,29.091,29.057,29.057,29.057,29.023,29.108,29.074,29.091,29.312,29.176,29.295,29.346,29.566,29.583,29.668,29.617,29.499,29.448,29.448,29.448,29.397,29.397,29.448,29.38,29.193,29.244,29.21,29.363,29.414,29.397,29.38,29.363,29.363,29.414,29.516,29.6,29.803,30.023,30.41,30.729,30.763,30.813,30.779,30.779,30.763,30.779,30.763,30.662,30.561,30.36,30.309,30.309,30.259,30.242,30.191,30.006,29.786,29.702,29.634,29.499,29.499,29.448,29.448,29.465,29.482,29.533,29.6,29.6,29.685,29.77,29.854,29.989,30.073,30.057,30.023,30.04,30.006
,30.276,30.225,30.225,30.158,30.124,30.141,30.107,30.191,30.779,31.431,31.697,31.763,31.846,31.879,32.012,32.211,33.313,34.826,35.919,36.59,36.701,36.574,36.414,35.663,33.983,32.854,31.813,30.88,30.343,30.175,30.073,30.023,30.006,30.225,31.014,32.326,33.869,34.939,35.326,35.326,34.842,33.248,31.364,30.057,29.837,29.482,29.431,29.329,29.312,29.227,29.125,29.074,29.057,29.04,29.04,29.023,29.04,28.989,28.955,29.04,29.074,29.023,29.04,29.057,29.04,29.057,29.074,29.091,29.108,29.125,29.142,29.159,29.176,29.159,29.193,29.244,29.244,29.295,29.312,29.329,29.312,29.295,29.278,29.312,29.312,29.346,29.38,29.397,29.414,29.414,29.499,29.533,29.617,29.736,29.82,29.922,29.972,30.006,30.175,30.343,30.461,30.645,30.595,30.376,30.292,30.427,30.494,30.494,30.695,30.963,31.097,31.197,31.481,32.343,32.739,33.231,33.215,33.33,35.149,39.201,40.915,41.145,40.992,41.221,40.992,40.654,40.239,39.496,37.351,34.745,34.145,33.934,33.248,32.062,31.747,31.597,31.464,30.763,30.494,30.309,30.175,30.09,30.09,30.09,30.107,30.444,30.242,30.057,29.955,29.888,29.871,29.871,29.854,29.854,29.854,29.82,30.04,30.427,30.846,31.08,31.164,31.231,31.197,30.846,30.595,30.36,30.393,30.41,30.427,30.612,30.863,31.331,31.846,32.491,32.755,32.012,30.863,30.292,30.158,30.124,30.09,30.04,30.006,29.972,29.938,29.922,29.922,29.888,29.989,29.922,29.871,29.837,29.854,29.854,29.922,29.938,29.871,29.854,29.854,29.854,29.837,29.82,29.82,29.82,29.888,30.107,30.158,29.938,29.82,29.753,29.753,29.651,29.566,29.482,29.244,29.21,29.108,29.142,29.074,29.21,29.702,30.427,30.494,30.561,30.208,29.617,28.836,29.125,28.784,28.733,28.733,28.733,28.682,28.75,28.75,28.75,28.801,28.853,28.87,28.921,28.989,28.989,29.006,29.057,29.006,28.989,28.955,28.972,28.955,29.023,29.091,29.244,29.295,29.363,29.38,29.465,29.482,29.617,29.549,29.414,29.346,29.346,29.397,29.38,29.278,29.278,29.193,28.938,28.972,28.989,29.176,29.295,29.295,29.278,29.295,29.363,29.431,29.549,29.77,29.82,30.09,30.461,30.628,30.746,30.763,30.763,30.695,30.628,30.578,30.578,30.578,30.393,30.292,30.292,30.276,30.208,30.242,30.208,30.006,29.82,29.719,29.583,29.533,29.482,29.465,29.448,29.448,29.465,29.499,29.549,29.583,29.685,29.753,29.803,29.922,29.989,29.972,29.989,30.04,29.955
,30.259,30.225,30.124,30.107,30.141,30.208,30.141,30.158,30.712,31.431,31.664,31.697,31.813,31.846,31.962,32.012,32.293,33.346,34.874,35.871,36.621,36.733,36.717,36.621,35.999,34.729,33.149,31.647,30.695,30.494,30.393,30.427,30.913,31.614,32.755,33.983,34.907,35.31,35.326,35.036,34.08,31.979,30.326,29.77,29.82,29.431,29.329,29.278,29.176,29.108,29.057,29.023,28.989,28.972,28.972,28.955,28.938,28.836,28.904,28.955,29.006,28.938,28.989,29.006,29.006,28.989,29.023,29.023,29.057,29.108,29.125,29.125,29.159,29.159,29.142,29.159,29.176,29.227,29.227,29.261,29.261,29.244,29.227,29.278,29.261,29.295,29.312,29.329,29.329,29.346,29.363,29.414,29.499,29.583,29.685,29.736,29.786,29.871,29.871,29.955,30.191,30.393,30.309,30.259,30.191,30.259,30.276,30.326,30.393,30.662,30.863,31.464,33.559,36.701,36.399,33.444,32.936,33.199,34.68,36.86,37.84,38.076,39.76,44.316,44.822,41.022,39.217,38.78,36.891,34.243,33.297,32.788,32.557,32.475,32.359,31.78,31.131,30.813,30.461,30.309,30.191,30.107,30.023,30.023,30.04,30.124,30.057,29.972,29.871,29.837,29.803,29.803,29.803,29.803,29.786,29.786,29.905,30.057,30.494,30.88,31.114,31.297,31.431,31.464,31.397,31.114,31.281,31.397,31.397,31.763,31.946,31.863,32.178,32.623,32.425,31.547,30.528,30.158,30.057,30.04,30.04,30.006,29.972,29.938,29.888,29.871,29.888,29.888,29.854,29.77,29.736,29.719,29.719,29.719,29.77,29.77,29.77,29.786,29.803,29.786,29.77,29.753,29.736,29.736,29.786,29.938,29.922,29.753,29.702,29.719,29.685,29.549,29.397,29.261,29.159,29.006,28.955,28.887,28.836,28.938,29.261,30.326,30.427,30.494,30.309,29.651,29.074,28.819,28.836,28.767,28.699,28.699,28.682,28.716,28.733,28.75,28.784,28.819,28.801,28.819,28.853,28.853,28.904,28.955,28.938,28.904,28.87,28.955,28.955,29.006,29.125,29.346,29.346,29.38,29.397,29.397,29.431,29.431,29.346,29.363,29.329,29.278,29.244,29.159,29.04,28.853,28.801,28.801,28.87,28.938,28.989,29.159,29.193,29.193,29.261,29.346,29.363,29.516,29.702,29.753,30.107,30.276,30.679,30.729,30.729,30.679,30.612,30.561,30.461,30.376,30.393,30.427,30.292,30.259,30.242,30.158,30.191,30.208,29.955,29.736,29.617,29.549,29.566,29.448,29.363,29.38,29.397,29.414,29.431,29.465,29.516,29.651,29.736,29.82,29.854,29.905,29.905,29.922,29.972,29.955
,30.208,30.141,30.073,30.057,30.158,30.158,30.107,30.141,30.612,31.347,31.597,31.647,31.73,31.78,31.846,31.913,32.045,32.392,33.133,34.21,35.743,36.621,36.749,36.764,36.685,36.303,35.487,34.21,32.887,32.095,31.713,31.83,32.755,33.493,34.486,35.181,35.438,35.374,35.068,34.113,32.178,30.695,29.854,29.668,29.651,29.38,29.278,29.244,29.125,29.023,28.972,28.938,28.921,28.904,28.938,28.921,28.938,28.819,28.87,28.853,28.921,28.887,28.887,28.904,28.904,28.938,28.955,28.955,29.023,29.074,29.091,29.091,29.108,29.108,29.108,29.108,29.125,29.142,29.193,29.193,29.227,29.159,29.159,29.193,29.193,29.227,29.278,29.295,29.278,29.278,29.278,29.329,29.448,29.533,29.566,29.634,29.77,29.854,29.803,29.82,29.922,30.175,30.175,30.107,30.124,30.158,30.191,30.276,30.36,30.444,30.561,31.314,34.519,39.574,39.822,34.34,33.035,34.81,38.123,38.28,35.406,34.745,36.478,41.252,42.227,38.076,35.599,35.31,35.759,35.791,34.664,33.199,33.002,34.858,36.685,34.826,32.045,31.03,30.561,30.36,30.225,30.124,29.888,29.938,29.989,30.023,29.989,29.888,29.871,29.786,29.77,29.753,29.753,29.736,29.753,29.753,29.82,29.803,30.09,30.461,30.88,31.164,31.331,31.531,31.564,31.597,31.846,31.996,32.062,32.227,32.26,32.277,32.376,32.343,31.58,30.612,30.191,30.057,29.955,29.972,29.955,29.955,29.938,29.888,29.854,29.82,29.837,29.854,29.803,29.786,29.736,29.685,29.668,29.685,29.685,29.719,29.753,29.77,29.77,29.753,29.719,29.702,29.668,29.651,29.668,29.702,29.685,29.6,29.6,29.583,29.482,29.363,29.193,29.074,29.04,28.904,28.87,28.836,28.801,28.87,29.023,29.736,30.376,30.36,30.343,30.057,29.448,28.87,28.716,28.665,28.682,28.699,28.716,28.716,28.716,28.716,28.75,28.767,28.75,28.767,28.784,28.801,28.801,28.819,28.87,28.904,28.972,29.091,29.193,29.244,29.312,29.397,29.38,29.312,29.329,29.329,29.295,29.397,29.21,29.176,29.159,28.972,28.819,28.75,28.682,28.682,28.699,28.699,28.887,28.938,28.989,29.091,29.159,29.159,29.244,29.261,29.244,29.414,29.617,29.786,30.073,30.242,30.578,30.679,30.662,30.561,30.511,30.477,30.494,30.444,30.393,30.41,30.276,30.292,30.259,30.208,30.158,30.141,29.888,29.651,29.533,29.499,29.465,29.431,29.312,29.329,29.346,29.38,29.397,29.448,29.533,29.583,29.685,29.82,29.82,29.854,29.837,29.854,29.888,29.905
,30.175,30.124,30.073,30.023,30.09,30.073,30.073,30.124,30.578,31.331,31.497,31.58,31.664,31.747,31.846,31.929,32.045,32.211,32.425,32.887,34.048,35.519,36.446,36.764,36.78,36.733,36.51,36.079,35.454,34.713,34.227,34.243,34.697,34.971,35.422,35.535,35.358,35.02,34.08,32.26,30.83,29.938,29.685,29.533,29.38,29.295,29.193,29.091,29.023,28.972,28.921,28.887,28.87,28.87,28.887,28.87,28.87,28.801,28.819,28.784,28.836,28.819,28.801,28.853,28.819,28.819,28.836,28.87,28.921,28.904,28.904,28.972,29.006,29.04,29.023,29.023,29.057,29.057,29.074,29.108,29.108,29.091,29.074,29.091,29.091,29.142,29.159,29.21,29.227,29.159,29.176,29.21,29.312,29.414,29.431,29.549,29.634,29.617,29.685,29.719,29.837,30.057,30.107,30.057,29.972,30.09,30.107,30.141,30.225,30.309,30.477,31.03,32.755,35.999,37.666,34.324,33.035,35.004,38.608,38.671,35.149,34.194,34.761,36.907,38.044,36.239,34.551,34.259,36.637,39.139,37.256,33.918,33.428,37.224,41.679,38.295,33.166,30.98,30.477,30.276,30.141,30.006,29.82,29.837,29.837,29.905,29.972,29.888,29.803,29.77,29.736,29.719,29.685,29.685,29.702,29.702,29.736,29.803,29.854,30.006,30.36,30.544,30.88,31.331,31.497,31.63,31.763,31.813,32.128,32.111,32.178,32.211,32.095,31.431,30.427,30.073,29.972,29.938,29.922,29.938,29.837,29.854,29.854,29.82,29.77,29.77,29.753,29.736,29.736,29.719,29.668,29.634,29.617,29.617,29.651,29.685,29.702,29.736,29.753,29.719,29.685,29.685,29.651,29.617,29.583,29.566,29.533,29.499,29.499,29.431,29.295,29.176,29.023,28.904,28.87,28.836,28.767,28.767,28.75,28.784,28.87,29.125,29.786,30.343,30.292,30.073,29.905,29.499,28.853,28.767,28.682,28.716,28.648,28.665,28.699,28.716,28.716,28.716,28.733,28.767,28.819,28.801,28.819,28.904,29.006,29.125,29.278,29.346,29.397,29.397,29.397,29.397,29.329,29.312,29.21,29.261,29.227,29.244,29.193,29.04,28.972,28.716,28.511,28.528,28.528,28.494,28.562,28.665,28.819,28.955,29.04,29.006,29.125,29.142,29.176,29.193,29.193,29.295,29.516,29.77,29.989,30.208,30.477,30.628,30.578,30.595,30.561,30.561,30.544,30.461,30.393,30.36,30.242,30.175,30.141,30.242,30.09,30.04,29.854,29.651,29.549,29.482,29.431,29.397,29.329,29.414,29.414,29.431,29.431,29.465,29.533,29.583,29.583,29.685,29.753,29.803,29.82,29.82,29.803,29.82
,30.124,30.107,30.04,30.09,30.057,30.073,30.073,30.141,30.528,31.231,31.447,31.547,31.63,31.713,31.763,31.846,31.946,32.078,32.111,32.31,32.557,33.346,34.583,35.743,36.462,36.749,36.749,36.637,36.526,36.191,36.015,35.903,35.711,35.647,35.583,35.261,34.745,33.803,32.211,30.763,30.073,29.685,29.668,29.516,29.261,29.227,29.159,29.04,28.972,28.921,28.87,28.836,28.819,28.819,28.836,28.819,28.767,28.716,28.767,28.75,28.784,28.784,28.784,28.784,28.801,28.801,28.784,28.784,28.836,28.887,28.904,28.921,28.955,28.938,28.921,28.972,28.972,28.955,28.955,29.023,28.989,28.989,28.972,28.972,29.006,29.057,29.023,29.091,29.091,29.091,29.108,29.159,29.159,29.125,29.244,29.448,29.482,29.516,29.617,29.668,29.753,29.854,30.023,30.057,30.057,30.057,29.989,30.023,30.158,30.259,30.343,30.628,31.181,32.442,33.493,33.035,32.607,33.411,34.907,35.181,33.966,33.559,33.901,36.78,38.827,36.812,34.356,33.787,35.887,38.374,36.78,33.657,33.035,35.807,39.294,36.558,32.557,30.846,30.259,30.124,30.09,29.972,29.77,29.719,29.736,29.803,29.905,29.871,29.786,29.702,29.702,29.651,29.634,29.617,29.651,29.651,29.702,29.753,29.803,29.871,30.04,29.955,30.191,30.612,30.88,31.331,31.464,31.547,31.697,31.697,31.447,31.281,30.645,30.141,29.989,29.972,29.837,29.786,29.82,29.871,29.82,29.82,29.736,29.685,29.668,29.651,29.668,29.634,29.651,29.6,29.549,29.583,29.566,29.583,29.634,29.651,29.651,29.668,29.668,29.668,29.651,29.651,29.617,29.583,29.549,29.499,29.465,29.414,29.38,29.346,29.176,29.023,28.887,28.767,28.75,28.716,28.699,28.699,28.699,28.665,28.699,28.767,29.363,30.04,30.057,30.107,30.04,29.82,29.38,28.784,28.716,28.819,28.784,28.682,28.784,28.733,28.733,28.75,28.784,28.836,28.904,28.921,29.057,29.244,29.329,29.363,29.414,29.431,29.414,29.397,29.397,29.346,29.244,29.261,29.108,29.142,28.853,28.972,28.904,28.801,28.631,28.46,28.46,28.494,28.477,28.494,28.614,28.767,28.819,28.989,28.955,28.989,29.057,29.074,29.108,29.159,29.176,29.261,29.414,29.668,29.989,30.191,30.393,30.544,30.595,30.612,30.612,30.595,30.595,30.578,30.461,30.326,30.343,30.309,30.276,30.242,30.175,30.023,29.82,29.685,29.583,29.516,29.448,29.363,29.397,29.397,29.414,29.414,29.414,29.448,29.448,29.465,29.533,29.668,29.753,29.753,29.77,29.753,29.736,29.753
,30.158,30.107,30.023,30.04,30.073,30.073,30.124,30.276,30.628,31.131,31.431,31.564,31.597,31.597,31.63,31.73,31.83,31.913,32.045,32.078,32.227,32.326,32.689,33.575,34.729,35.711,36.255,36.446,36.51,36.414,36.287,36.079,35.839,35.454,35.116,34.373,33.035,31.464,30.242,29.786,29.566,29.431,29.38,29.329,29.295,29.193,29.091,29.006,28.938,28.887,28.853,28.819,28.801,28.784,28.801,28.784,28.767,28.733,28.699,28.733,28.75,28.75,28.733,28.733,28.75,28.733,28.716,28.733,28.784,28.801,28.801,28.836,28.87,28.87,28.853,28.87,28.887,28.853,28.904,28.904,28.904,28.904,28.887,28.887,28.921,28.955,28.972,28.989,28.938,28.938,29.006,29.023,29.023,29.04,29.074,29.176,29.346,29.499,29.516,29.516,29.6,29.668,29.634,29.685,29.854,29.955,29.938,29.989,29.989,29.972,30.175,30.309,30.477,30.913,31.214,31.63,31.796,31.979,32.078,32.557,32.508,32.541,32.837,35.583,37.446,35.823,33.624,32.788,32.772,33.117,33.018,32.689,32.557,33.215,33.313,32.425,31.414,30.561,30.141,29.989,29.938,29.82,29.668,29.634,29.634,29.77,29.786,29.736,29.753,29.668,29.6,29.583,29.566,29.566,29.583,29.6,29.6,29.668,29.685,29.719,29.753,29.736,29.888,29.972,30.09,30.158,30.191,30.309,30.444,30.477,30.393,30.175,29.938,29.854,29.803,29.719,29.77,29.719,29.702,29.753,29.82,29.583,29.583,29.566,29.549,29.617,29.617,29.533,29.499,29.516,29.516,29.566,29.549,29.549,29.617,29.617,29.668,29.651,29.651,29.617,29.6,29.6,29.566,29.549,29.516,29.431,29.363,29.295,29.244,29.159,29.023,28.853,28.716,28.699,28.682,28.665,28.682,28.665,28.665,28.614,28.614,28.545,28.767,29.533,29.972,29.972,29.922,29.972,29.837,29.566,29.346,29.074,28.972,28.938,28.972,28.853,28.836,28.87,29.091,29.176,29.227,29.329,29.414,29.431,29.431,29.431,29.397,29.38,29.397,29.363,29.295,29.329,29.125,28.989,29.074,28.836,28.511,28.682,28.597,28.58,28.443,28.391,28.426,28.443,28.562,28.699,28.767,28.853,28.904,28.938,28.972,28.989,29.006,29.023,29.074,29.108,29.142,29.244,29.329,29.583,29.955,30.175,30.41,30.511,30.528,30.595,30.595,30.628,30.662,30.628,30.561,30.494,30.444,30.343,30.242,30.242,30.057,29.972,29.77,29.651,29.566,29.499,29.431,29.363,29.397,29.38,29.397,29.397,29.414,29.397,29.465,29.566,29.6,29.702,29.668,29.719,29.753,29.753,29.753,29.753
,30.107,30.09,30.006,30.006,30.057,30.073,30.124,30.292,30.662,31.281,31.397,31.497,31.664,31.664,31.647,31.747,31.863,31.879,31.946,32.095,32.029,31.896,31.996,32.178,32.557,33.379,34.324,34.907,35.342,35.711,35.711,35.615,35.229,34.308,33.395,32.211,30.896,30.107,29.719,29.651,29.549,29.431,29.329,29.261,29.244,29.159,29.091,29.04,28.955,28.887,28.853,28.819,28.784,28.75,28.767,28.75,28.733,28.699,28.716,28.733,28.716,28.716,28.716,28.716,28.716,28.699,28.665,28.699,28.733,28.767,28.801,28.819,28.836,28.836,28.836,28.801,28.801,28.801,28.853,28.836,28.836,28.853,28.853,28.853,28.853,28.887,28.887,28.887,28.921,28.904,28.87,28.904,28.904,28.921,28.972,29.006,29.091,29.261,29.414,29.397,29.465,29.533,29.6,29.753,29.803,29.871,29.837,29.736,29.871,29.786,29.854,30.023,30.242,30.292,30.528,30.477,30.679,31.08,30.947,31.381,31.381,31.447,31.464,32.029,32.293,32.26,31.962,31.58,31.297,31.364,31.497,31.447,31.397,31.281,31.264,30.997,30.695,30.175,30.023,29.922,29.786,29.685,29.617,29.651,29.617,29.634,29.634,29.583,29.516,29.533,29.499,29.482,29.465,29.516,29.516,29.499,29.482,29.6,29.617,29.668,29.634,29.651,29.77,29.786,29.837,29.905,29.77,29.786,29.82,29.837,29.905,29.786,29.753,29.736,29.651,29.651,29.719,29.583,29.566,29.634,29.668,29.549,29.482,29.499,29.533,29.6,29.533,29.482,29.448,29.431,29.448,29.499,29.516,29.549,29.617,29.617,29.668,29.685,29.651,29.617,29.583,29.549,29.533,29.499,29.431,29.363,29.278,29.176,29.057,28.938,28.853,28.733,28.665,28.648,28.631,28.648,28.614,28.614,28.562,28.511,28.494,28.477,28.545,28.921,29.533,29.753,29.854,29.972,29.905,29.888,29.6,29.583,29.533,29.448,29.516,29.482,29.583,29.702,29.685,29.566,29.549,29.499,29.482,29.465,29.431,29.397,29.363,29.312,29.295,29.21,29.006,28.972,28.836,28.631,28.682,28.562,28.494,28.511,28.391,28.391,28.34,28.34,28.34,28.391,28.562,28.733,28.801,28.87,28.887,28.921,28.938,28.972,28.989,29.006,29.006,29.04,29.091,29.125,29.261,29.583,29.871,30.141,30.427,30.511,30.461,30.544,30.595,30.628,30.628,30.595,30.561,30.511,30.393,30.292,30.225,30.225,30.124,29.938,29.77,29.651,29.549,29.499,29.431,29.346,29.363,29.414,29.38,29.414,29.431,29.363,29.414,29.533,29.583,29.6,29.668,29.736,29.736,29.77,29.803,29.803
,30.107,30.073,30.023,30.006,30.023,30.04,30.073,30.158,30.444,31.281,31.397,31.481,31.564,31.597,31.614,31.664,31.78,31.846,31.879,31.879,31.83,31.664,31.664,31.664,31.531,31.63,32.062,32.26,32.87,33.444,33.64,33.755,33.1,31.962,30.93,30.292,29.922,29.702,29.634,29.499,29.431,29.38,29.329,29.227,29.176,29.142,29.091,29.074,28.989,28.904,28.853,28.819,28.784,28.767,28.75,28.733,28.716,28.699,28.699,28.682,28.716,28.699,28.699,28.716,28.733,28.716,28.682,28.648,28.716,28.75,28.784,28.801,28.801,28.819,28.801,28.801,28.784,28.784,28.801,28.819,28.819,28.819,28.819,28.836,28.801,28.836,28.87,28.853,28.836,28.836,28.853,28.853,28.853,28.87,28.887,28.921,28.989,29.142,29.261,29.278,29.295,29.363,29.414,29.583,29.736,29.736,29.465,29.38,29.533,29.719,29.583,29.702,29.837,29.736,29.938,29.938,29.854,30.242,30.309,30.259,30.259,30.276,30.393,30.444,30.477,30.528,30.511,30.511,30.494,30.477,30.477,30.461,30.393,30.326,30.36,30.242,30.191,29.854,29.77,29.702,29.583,29.566,29.566,29.566,29.566,29.617,29.583,29.549,29.448,29.465,29.397,29.38,29.38,29.397,29.38,29.465,29.38,29.465,29.516,29.516,29.566,29.549,29.651,29.634,29.634,29.685,29.702,29.719,29.736,29.736,29.736,29.702,29.6,29.583,29.6,29.516,29.6,29.617,29.549,29.566,29.499,29.482,29.482,29.499,29.482,29.499,29.465,29.482,29.431,29.448,29.448,29.465,29.482,29.516,29.549,29.516,29.566,29.6,29.566,29.482,29.499,29.499,29.465,29.431,29.329,29.244,29.227,29.091,28.938,28.784,28.665,28.597,28.58,28.545,28.528,28.545,28.528,28.528,28.46,28.426,28.391,28.408,28.46,28.528,28.921,29.448,29.719,29.922,29.803,29.82,29.651,29.6,29.651,29.6,29.617,29.617,29.431,29.634,29.736,29.634,29.6,29.499,29.533,29.499,29.414,29.346,29.261,29.142,29.04,28.87,28.562,28.46,28.46,28.391,28.323,28.357,28.46,28.323,28.34,28.374,28.374,28.34,28.46,28.562,28.699,28.819,28.853,28.887,28.921,28.921,28.938,28.955,28.972,28.955,28.989,29.04,29.023,29.108,29.346,29.651,29.888,30.124,30.343,30.494,30.477,30.511,30.578,30.578,30.578,30.561,30.561,30.528,30.461,30.393,30.259,30.124,30.023,29.837,29.77,29.651,29.533,29.499,29.431,29.346,29.346,29.38,29.329,29.397,29.397,29.38,29.431,29.482,29.516,29.6,29.702,29.786,29.77,29.77,29.77,29.77
,30.107,30.006,30.023,29.989,29.972,30.006,30.057,30.191,30.612,31.147,31.464,31.531,31.531,31.547,31.58,31.664,31.78,31.863,31.846,31.813,31.747,31.68,31.614,31.481,31.347,31.264,31.097,30.528,30.813,30.947,30.98,30.947,30.628,30.309,29.989,29.82,29.786,29.533,29.499,29.38,29.329,29.312,29.261,29.159,29.108,29.108,29.057,29.04,29.023,28.955,28.87,28.819,28.801,28.784,28.784,28.716,28.716,28.699,28.75,28.716,28.733,28.699,28.682,28.699,28.733,28.716,28.665,28.682,28.733,28.767,28.784,28.784,28.801,28.801,28.801,28.801,28.801,28.819,28.801,28.801,28.801,28.819,28.801,28.819,28.819,28.836,28.853,28.853,28.819,28.819,28.819,28.801,28.784,28.801,28.853,28.938,28.955,29.006,29.057,29.057,29.074,29.159,29.21,29.176,29.244,29.244,29.142,29.227,29.329,29.363,29.193,29.38,29.346,29.312,29.363,29.566,29.448,29.634,29.803,29.566,29.516,29.516,29.566,29.566,29.516,29.549,29.499,29.482,29.499,29.533,29.533,29.549,29.549,29.617,29.719,29.685,29.736,29.533,29.465,29.549,29.482,29.431,29.397,29.38,29.516,29.549,29.499,29.38,29.312,29.312,29.295,29.312,29.278,29.312,29.346,29.38,29.363,29.397,29.431,29.448,29.431,29.482,29.549,29.482,29.516,29.533,29.566,29.6,29.6,29.6,29.634,29.634,29.549,29.533,29.516,29.482,29.566,29.583,29.566,29.533,29.516,29.465,29.448,29.465,29.465,29.431,29.38,29.448,29.397,29.397,29.397,29.397,29.431,29.431,29.448,29.465,29.516,29.516,29.448,29.397,29.414,29.397,29.38,29.295,29.21,29.142,29.091,29.006,28.853,28.665,28.511,28.426,28.408,28.443,28.477,28.46,28.46,28.443,28.391,28.408,28.357,28.34,28.391,28.374,28.494,28.75,29.04,29.617,29.77,29.837,29.753,29.736,29.617,29.617,29.465,29.685,29.702,29.77,29.736,29.634,29.583,29.533,29.499,29.397,29.142,29.006,28.938,28.819,28.648,28.426,28.306,28.323,28.306,28.323,28.271,28.289,28.323,28.271,28.34,28.34,28.408,28.477,28.528,28.665,28.784,28.836,28.87,28.904,28.887,28.904,28.921,28.921,28.955,28.955,28.955,28.972,29.04,29.108,29.448,29.719,29.922,30.124,30.292,30.444,30.477,30.494,30.511,30.528,30.528,30.494,30.494,30.461,30.427,30.343,30.208,30.073,30.006,29.955,29.77,29.617,29.516,29.448,29.431,29.38,29.312,29.329,29.329,29.346,29.329,29.346,29.431,29.465,29.516,29.617,29.668,29.736,29.82,29.803,29.77,29.736
,30.107,30.023,29.955,29.938,29.922,29.955,30.023,30.208,30.779,31.197,31.397,31.497,31.547,31.564,31.614,31.713,31.813,31.813,31.863,31.83,31.747,31.697,31.664,31.431,31.147,31.08,30.98,30.292,30.124,30.057,29.989,29.905,30.141,30.073,29.837,29.685,29.549,29.549,29.346,29.363,29.261,29.21,29.176,29.108,29.057,29.04,29.04,29.023,29.006,28.972,28.921,28.836,28.784,28.75,28.801,28.801,28.75,28.716,28.767,28.733,28.784,28.75,28.716,28.733,28.733,28.75,28.716,28.699,28.767,28.784,28.801,28.819,28.819,28.801,28.801,28.801,28.801,28.819,28.836,28.801,28.801,28.801,28.801,28.819,28.87,28.87,28.87,28.853,28.819,28.819,28.801,28.784,28.836,28.853,28.836,28.87,28.938,28.972,28.972,28.972,29.006,29.04,29.057,29.04,28.989,28.989,29.023,29.091,29.108,29.125,28.938,29.108,29.108,29.176,29.142,29.125,29.142,29.261,29.261,29.227,29.397,29.312,29.278,29.261,29.21,29.142,29.176,29.176,29.108,29.023,29.125,29.21,29.244,29.261,29.329,29.278,29.329,29.278,29.312,29.329,29.397,29.329,29.295,29.261,29.465,29.448,29.38,29.312,29.193,29.21,29.261,29.142,29.227,29.244,29.227,29.21,29.227,29.227,29.312,29.329,29.329,29.329,29.346,29.397,29.448,29.397,29.533,29.566,29.499,29.533,29.533,29.533,29.566,29.465,29.482,29.448,29.533,29.482,29.465,29.448,29.482,29.465,29.414,29.397,29.414,29.363,29.38,29.38,29.278,29.261,29.295,29.346,29.38,29.346,29.312,29.278,29.346,29.329,29.363,29.346,29.346,29.329,29.261,29.227,29.193,29.091,29.04,28.836,28.597,28.477,28.426,28.408,28.391,28.426,28.426,28.408,28.408,28.374,28.374,28.374,28.34,28.323,28.323,28.323,28.323,28.357,28.494,28.836,29.176,29.482,29.6,29.651,29.533,29.583,29.617,29.702,29.719,29.549,29.685,29.685,29.516,29.482,29.176,28.733,28.545,28.648,28.545,28.46,28.426,28.34,28.323,28.237,28.289,28.306,28.271,28.323,28.289,28.306,28.323,28.306,28.443,28.494,28.511,28.648,28.75,28.836,28.887,28.887,28.904,28.904,28.921,28.921,28.921,28.938,28.989,29.023,29.108,29.193,29.329,29.685,29.955,30.141,30.292,30.376,30.41,30.444,30.427,30.461,30.427,30.393,30.393,30.343,30.242,30.208,30.175,30.073,29.955,29.955,29.753,29.583,29.448,29.414,29.414,29.38,29.329,29.295,29.312,29.312,29.312,29.295,29.38,29.448,29.465,29.533,29.668,29.719,29.803,29.786,29.736,29.702
,30.09,30.057,29.905,29.888,29.922,29.938,30.006,30.208,30.779,31.114,31.331,31.431,31.481,31.531,31.564,31.647,31.747,31.83,31.83,31.813,31.747,31.697,31.63,31.397,30.98,30.746,30.679,30.175,29.905,29.905,29.82,29.753,29.753,29.702,29.583,29.482,29.465,29.346,29.278,29.295,29.176,29.125,29.091,29.023,28.989,28.989,28.989,28.972,28.955,28.938,28.921,28.853,28.767,28.767,28.767,28.75,28.733,28.733,28.75,28.733,28.75,28.784,28.784,28.75,28.716,28.733,28.733,28.733,28.767,28.784,28.801,28.801,28.801,28.801,28.819,28.836,28.819,28.801,28.836,28.819,28.801,28.801,28.801,28.819,28.836,28.853,28.853,28.853,28.853,28.836,28.836,28.836,28.819,28.801,28.853,28.836,28.853,28.887,28.904,28.921,28.955,28.972,28.955,28.989,28.938,28.972,28.989,29.006,28.972,29.04,28.955,28.921,29.023,29.04,29.04,29.074,29.074,29.057,29.04,29.057,29.244,29.142,29.193,29.176,29.057,29.04,28.955,28.989,28.989,28.989,28.938,28.989,29.04,28.989,29.074,29.091,29.057,29.04,29.108,29.023,29.074,29.142,29.108,29.04,29.193,29.091,29.023,29.006,28.972,29.006,29.04,29.023,29.142,29.125,29.091,29.091,29.006,29.057,29.091,29.176,29.227,29.176,29.227,29.21,29.278,29.21,29.278,29.329,29.38,29.363,29.363,29.397,29.414,29.363,29.38,29.295,29.363,29.38,29.465,29.482,29.397,29.414,29.431,29.38,29.21,29.227,29.329,29.397,29.38,29.193,29.278,29.278,29.21,29.244,29.244,29.278,29.295,29.193,29.244,29.21,29.159,29.176,29.159,29.159,29.125,29.057,28.938,28.648,28.477,28.426,28.408,28.391,28.391,28.391,28.374,28.34,28.357,28.357,28.34,28.323,28.289,28.289,28.289,28.289,28.289,28.289,28.323,28.408,28.682,28.699,28.75,28.853,28.75,28.836,28.836,28.87,29.125,28.648,28.614,28.408,28.357,28.391,28.323,28.34,28.34,28.426,28.426,28.34,28.289,28.271,28.254,28.22,28.254,28.271,28.254,28.254,28.289,28.306,28.289,28.443,28.545,28.58,28.631,28.733,28.819,28.87,28.887,28.921,28.921,28.904,28.921,28.904,28.921,28.938,29.006,29.04,29.057,29.193,29.482,29.736,29.938,30.141,30.309,30.36,30.376,30.343,30.326,30.326,30.242,30.242,30.242,30.175,30.124,30.124,30.09,30.023,29.989,29.938,29.77,29.6,29.583,29.499,29.414,29.329,29.295,29.295,29.278,29.278,29.329,29.295,29.346,29.397,29.431,29.516,29.617,29.6,29.719,29.719,29.719,29.685
,30.09,30.057,29.922,29.888,29.888,29.938,30.057,30.208,30.88,31.197,31.247,31.347,31.447,31.497,31.547,31.63,31.73,31.78,31.78,31.763,31.73,31.664,31.614,31.414,31.03,30.712,30.561,30.04,29.837,29.82,29.736,29.651,29.583,29.516,29.431,29.397,29.431,29.295,29.244,29.21,29.091,29.057,28.989,28.955,28.921,28.938,28.921,28.904,28.921,28.87,28.887,28.887,28.767,28.767,28.699,28.75,28.784,28.75,28.733,28.75,28.767,28.75,28.733,28.75,28.75,28.716,28.699,28.716,28.75,28.767,28.784,28.767,28.767,28.801,28.819,28.836,28.853,28.819,28.819,28.819,28.836,28.87,28.853,28.836,28.836,28.836,28.853,28.853,28.853,28.836,28.819,28.819,28.853,28.887,28.87,28.784,28.819,28.819,28.836,28.87,28.87,28.904,28.921,28.938,28.921,28.938,28.955,28.989,28.955,28.989,28.921,28.887,28.938,28.972,28.989,29.006,29.006,29.023,28.989,28.989,29.057,29.04,29.074,29.04,29.023,29.023,28.989,28.955,28.972,28.955,28.921,28.955,28.904,28.938,29.04,29.023,28.989,29.108,28.972,28.938,28.887,28.87,28.853,28.904,28.904,28.938,28.904,28.87,28.972,28.904,28.955,28.904,28.921,28.853,28.921,28.921,28.87,28.87,28.836,28.887,28.938,28.955,28.938,28.921,28.989,28.887,28.955,28.989,29.006,29.057,29.193,29.125,29.176,29.176,29.023,29.006,29.142,29.227,29.278,29.125,29.176,29.108,29.21,29.21,29.193,29.142,28.989,29.074,28.938,29.04,28.887,29.04,29.057,29.091,29.023,29.057,29.108,29.04,29.074,29.091,29.074,29.091,29.074,29.057,29.057,29.023,28.819,28.528,28.426,28.391,28.374,28.391,28.391,28.374,28.357,28.306,28.34,28.357,28.306,28.306,28.289,28.289,28.306,28.306,28.271,28.254,28.289,28.34,28.391,28.34,28.323,28.408,28.374,28.562,28.46,28.408,28.443,28.357,28.34,28.289,28.374,28.323,28.323,28.34,28.323,28.306,28.289,28.271,28.254,28.237,28.237,28.237,28.237,28.203,28.237,28.254,28.306,28.34,28.34,28.545,28.614,28.614,28.699,28.767,28.819,28.836,28.853,28.887,28.904,28.887,28.887,28.904,28.904,28.972,29.006,29.057,29.074,29.227,29.414,29.736,29.989,30.175,30.259,30.326,30.343,30.309,30.292,30.225,30.158,30.141,30.124,30.057,30.04,30.057,30.023,29.972,29.854,29.786,29.719,29.6,29.499,29.448,29.414,29.346,29.295,29.295,29.295,29.261,29.346,29.312,29.363,29.397,29.482,29.549,29.549,29.566,29.702,29.651,29.651,29.668
,30.073,30.04,29.955,29.888,29.905,29.989,30.057,30.073,30.679,31.047,31.281,31.397,31.447,31.464,31.514,31.597,31.68,31.73,31.78,31.713,31.697,31.614,31.547,31.414,31.064,30.544,30.393,29.888,29.803,29.77,29.617,29.549,29.465,29.38,29.346,29.329,29.329,29.21,29.159,29.108,29.04,28.989,28.938,28.904,28.887,28.87,28.853,28.87,28.87,28.819,28.819,28.784,28.767,28.733,28.733,28.767,28.767,28.75,28.716,28.733,28.733,28.733,28.733,28.716,28.733,28.716,28.682,28.682,28.716,28.733,28.767,28.733,28.75,28.767,28.784,28.836,28.853,28.836,28.819,28.819,28.836,28.836,28.836,28.853,28.836,28.801,28.836,28.87,28.853,28.836,28.784,28.767,28.801,28.836,28.801,28.801,28.836,28.801,28.784,28.819,28.836,28.853,28.87,28.904,28.921,28.904,28.938,28.955,28.938,28.938,28.87,28.887,28.904,28.938,28.955,28.989,28.938,28.938,28.972,28.955,29.006,28.989,29.057,29.023,29.006,28.989,28.972,28.989,28.955,28.938,28.972,28.921,28.938,28.921,28.989,29.006,29.023,28.955,28.904,28.904,28.853,28.819,28.801,28.836,28.801,28.819,28.836,28.853,28.853,28.801,28.836,28.819,28.836,28.801,28.819,28.819,28.836,28.819,28.75,28.87,28.887,28.819,28.767,28.819,28.836,28.784,28.801,28.784,28.801,28.784,29.04,28.836,28.784,28.784,28.716,28.784,29.006,29.023,29.006,28.801,28.836,28.921,28.819,28.784,28.767,28.665,28.767,28.784,28.699,28.819,28.801,28.716,28.699,28.801,28.904,28.733,28.87,28.87,28.733,28.921,29.023,28.989,28.938,28.921,28.938,28.819,28.562,28.391,28.34,28.34,28.34,28.374,28.391,28.357,28.34,28.306,28.306,28.323,28.306,28.306,28.34,28.289,28.271,28.271,28.22,28.203,28.237,28.271,28.271,28.306,28.306,28.306,28.271,28.357,28.271,28.271,28.357,28.323,28.323,28.289,28.306,28.34,28.289,28.271,28.289,28.289,28.203,28.203,28.22,28.22,28.203,28.203,28.22,28.237,28.254,28.289,28.391,28.391,28.46,28.511,28.614,28.58,28.699,28.699,28.767,28.801,28.819,28.87,28.887,28.887,28.887,28.887,28.938,28.972,29.023,29.057,29.159,29.295,29.261,29.516,29.77,30.023,30.225,30.309,30.326,30.309,30.292,30.276,30.191,30.141,30.124,30.073,30.057,30.006,29.972,29.955,29.837,29.753,29.702,29.583,29.482,29.414,29.38,29.329,29.329,29.312,29.227,29.244,29.329,29.346,29.397,29.448,29.516,29.533,29.499,29.549,29.617,29.549,29.634,29.668
,30.023,30.023,29.938,29.888,29.938,30.023,30.04,30.242,30.93,31.164,31.281,31.331,31.381,31.447,31.497,31.531,31.564,31.73,31.747,31.697,31.63,31.58,31.497,31.281,30.913,30.779,30.763,29.955,29.77,29.566,29.499,29.482,29.38,29.295,29.278,29.21,29.21,29.108,29.091,29.04,29.023,28.972,28.921,28.87,28.87,28.836,28.819,28.819,28.801,28.784,28.784,28.699,28.716,28.767,28.784,28.75,28.716,28.733,28.716,28.716,28.716,28.716,28.733,28.716,28.699,28.699,28.665,28.665,28.682,28.682,28.716,28.716,28.716,28.733,28.767,28.767,28.801,28.819,28.801,28.801,28.801,28.767,28.767,28.819,28.801,28.767,28.784,28.784,28.75,28.767,28.767,28.75,28.733,28.767,28.767,28.784,28.801,28.784,28.75,28.75,28.767,28.767,28.801,28.836,28.87,28.921,28.904,28.904,28.921,28.904,28.87,28.887,28.887,28.921,28.921,28.938,28.887,28.938,28.921,28.972,28.938,28.904,28.955,28.955,28.955,28.921,28.921,28.904,28.87,28.887,28.921,28.904,28.955,28.955,28.955,28.972,28.904,28.887,28.87,28.87,28.819,28.767,28.767,28.819,28.784,28.819,28.819,28.819,28.836,28.819,28.784,28.784,28.801,28.801,28.784,28.767,28.784,28.784,28.716,28.75,28.801,28.75,28.682,28.767,28.784,28.716,28.716,28.682,28.733,28.75,28.801,28.716,28.699,28.665,28.614,28.631,28.716,28.767,28.682,28.784,28.682,28.767,28.648,28.631,28.648,28.631,28.631,28.614,28.631,28.597,28.528,28.545,28.545,28.597,28.614,28.494,28.597,28.648,28.597,28.716,28.836,28.784,28.836,28.767,28.682,28.477,28.374,28.34,28.34,28.306,28.34,28.374,28.357,28.357,28.323,28.289,28.271,28.306,28.306,28.323,28.306,28.254,28.254,28.237,28.203,28.186,28.203,28.237,28.254,28.271,28.254,28.254,28.22,28.237,28.22,28.203,28.306,28.271,28.323,28.289,28.271,28.306,28.237,28.254,28.237,28.237,28.22,28.151,28.134,28.151,28.168,28.203,28.237,28.271,28.289,28.289,28.426,28.494,28.545,28.597,28.614,28.648,28.665,28.631,28.716,28.767,28.801,28.836,28.853,28.836,28.853,28.887,28.887,28.955,29.006,29.04,29.057,29.125,29.21,29.414,29.702,30.04,30.225,30.276,30.292,30.309,30.326,30.326,30.292,30.242,30.175,30.124,30.057,29.972,29.938,29.922,29.871,29.803,29.685,29.566,29.448,29.414,29.363,29.329,29.295,29.227,29.227,29.244,29.278,29.295,29.363,29.448,29.499,29.482,29.465,29.465,29.516,29.499,29.583,29.617
,29.989,30.006,29.955,29.905,29.938,30.006,30.057,30.343,30.729,31.03,31.214,31.297,31.347,31.414,31.481,31.481,31.514,31.647,31.597,31.531,31.497,31.464,31.397,31.214,30.93,30.695,30.444,29.972,29.786,29.651,29.533,29.431,29.295,29.21,29.21,29.159,29.125,29.108,29.074,28.972,28.989,28.955,28.904,28.87,28.853,28.819,28.784,28.767,28.75,28.733,28.75,28.767,28.767,28.699,28.767,28.767,28.767,28.716,28.716,28.716,28.716,28.733,28.75,28.767,28.767,28.75,28.682,28.665,28.665,28.648,28.665,28.682,28.648,28.648,28.699,28.716,28.733,28.75,28.784,28.819,28.767,28.75,28.716,28.716,28.75,28.767,28.75,28.75,28.733,28.75,28.767,28.75,28.75,28.733,28.716,28.716,28.699,28.716,28.699,28.682,28.699,28.716,28.767,28.784,28.819,28.87,28.836,28.853,28.87,28.887,28.819,28.853,28.87,28.87,28.853,28.904,28.887,28.921,28.921,28.938,28.904,28.87,28.938,28.904,28.904,28.921,28.887,28.836,28.819,28.836,28.836,28.87,28.836,28.853,28.904,28.87,28.836,28.938,28.836,28.784,28.767,28.75,28.733,28.75,28.733,28.75,28.784,28.75,28.784,28.767,28.767,28.767,28.733,28.75,28.75,28.733,28.733,28.699,28.682,28.665,28.716,28.716,28.699,28.733,28.716,28.682,28.682,28.682,28.682,28.699,28.682,28.665,28.665,28.614,28.597,28.614,28.665,28.665,28.631,28.631,28.614,28.597,28.597,28.597,28.58,28.597,28.58,28.58,28.58,28.511,28.494,28.494,28.443,28.511,28.46,28.408,28.443,28.374,28.391,28.391,28.408,28.528,28.58,28.528,28.408,28.391,28.374,28.34,28.34,28.323,28.34,28.357,28.374,28.408,28.323,28.271,28.306,28.306,28.323,28.34,28.289,28.237,28.22,28.22,28.203,28.186,28.203,28.22,28.237,28.22,28.203,28.22,28.22,28.203,28.186,28.151,28.203,28.254,28.306,28.306,28.254,28.306,28.254,28.237,28.22,28.203,28.203,28.151,28.168,28.186,28.203,28.22,28.254,28.289,28.289,28.357,28.46,28.426,28.597,28.648,28.631,28.614,28.597,28.614,28.699,28.699,28.733,28.801,28.819,28.819,28.853,28.887,28.887,28.904,28.989,28.989,29.091,29.193,29.21,29.38,29.482,29.854,30.124,30.242,30.276,30.276,30.326,30.343,30.444,30.292,30.276,30.175,30.023,29.972,29.938,29.905,29.854,29.77,29.634,29.516,29.363,29.397,29.363,29.329,29.278,29.261,29.227,29.21,29.295,29.329,29.346,29.414,29.465,29.465,29.448,29.465,29.482,29.516,29.566,29.566
,29.989,30.023,29.955,29.905,29.938,30.023,30.09,30.276,30.796,31.047,31.197,31.281,31.314,31.364,31.447,31.464,31.481,31.497,31.447,31.347,31.381,31.381,31.181,31.03,30.796,30.729,30.326,29.871,29.719,29.617,29.566,29.499,29.329,29.159,29.142,29.125,29.057,29.057,29.023,28.955,28.955,28.955,28.904,28.87,28.836,28.784,28.75,28.75,28.733,28.716,28.75,28.665,28.784,28.784,28.767,28.784,28.767,28.716,28.699,28.716,28.733,28.767,28.819,28.853,28.887,28.87,28.767,28.665,28.648,28.648,28.665,28.631,28.648,28.682,28.682,28.682,28.716,28.733,28.75,28.733,28.699,28.682,28.631,28.631,28.648,28.682,28.699,28.699,28.682,28.682,28.682,28.682,28.699,28.648,28.682,28.665,28.648,28.631,28.665,28.614,28.648,28.665,28.716,28.716,28.75,28.801,28.767,28.784,28.801,28.767,28.75,28.767,28.784,28.784,28.801,28.801,28.801,28.87,28.853,28.836,28.836,28.87,28.87,28.836,28.836,28.819,28.819,28.836,28.784,28.784,28.819,28.784,28.784,28.784,28.784,28.819,28.784,28.801,28.75,28.75,28.819,28.733,28.699,28.699,28.699,28.699,28.716,28.716,28.75,28.733,28.733,28.716,28.716,28.716,28.682,28.665,28.648,28.648,28.597,28.614,28.597,28.597,28.614,28.665,28.665,28.665,28.682,28.648,28.648,28.665,28.648,28.648,28.665,28.614,28.58,28.58,28.58,28.58,28.562,28.545,28.597,28.562,28.545,28.562,28.562,28.528,28.494,28.528,28.511,28.46,28.46,28.46,28.426,28.494,28.511,28.426,28.477,28.443,28.391,28.408,28.408,28.408,28.46,28.46,28.426,28.374,28.357,28.306,28.289,28.289,28.306,28.34,28.357,28.374,28.357,28.306,28.306,28.323,28.323,28.323,28.323,28.254,28.203,28.203,28.203,28.203,28.186,28.203,28.203,28.186,28.186,28.203,28.22,28.186,28.168,28.168,28.134,28.22,28.289,28.22,28.237,28.254,28.22,28.237,28.203,28.168,28.168,28.151,28.186,28.186,28.186,28.271,28.306,28.306,28.34,28.46,28.511,28.511,28.597,28.58,28.545,28.528,28.58,28.597,28.665,28.665,28.699,28.767,28.801,28.819,28.853,28.87,28.87,28.87,28.938,28.938,29.006,29.176,29.176,29.431,29.549,30.057,30.191,30.242,30.292,30.276,30.292,30.36,30.461,30.309,30.376,30.276,30.073,30.023,29.972,29.905,29.837,29.753,29.6,29.465,29.329,29.312,29.295,29.278,29.244,29.21,29.21,29.21,29.261,29.295,29.363,29.363,29.414,29.431,29.448,29.516,29.482,29.516,29.549,29.516
,29.955,29.955,29.905,29.871,29.938,29.972,30.006,30.158,30.712,31.047,31.214,31.264,31.297,31.331,31.397,31.497,31.414,31.481,31.447,31.347,31.331,31.331,31.281,31.147,30.645,30.511,30.376,29.989,29.736,29.617,29.533,29.431,29.278,29.142,29.091,29.04,29.006,28.955,28.972,28.955,28.955,28.955,28.904,28.87,28.819,28.767,28.733,28.716,28.716,28.699,28.784,28.716,28.733,28.801,28.784,28.784,28.75,28.75,28.699,28.682,28.716,28.767,28.887,28.972,28.989,28.955,28.853,28.75,28.648,28.682,28.699,28.631,28.682,28.699,28.699,28.665,28.682,28.699,28.665,28.699,28.682,28.614,28.58,28.58,28.614,28.614,28.631,28.648,28.58,28.58,28.631,28.562,28.597,28.614,28.614,28.631,28.597,28.597,28.631,28.562,28.597,28.597,28.648,28.631,28.682,28.716,28.716,28.682,28.699,28.682,28.716,28.716,28.716,28.733,28.733,28.75,28.733,28.784,28.784,28.801,28.767,28.699,28.699,28.699,28.733,28.716,28.682,28.699,28.767,28.767,28.733,28.648,28.716,28.682,28.699,28.665,28.665,28.733,28.665,28.665,28.682,28.699,28.648,28.648,28.665,28.648,28.665,28.631,28.631,28.631,28.648,28.665,28.648,28.665,28.614,28.58,28.562,28.545,28.528,28.562,28.562,28.528,28.58,28.597,28.614,28.597,28.631,28.631,28.631,28.631,28.614,28.597,28.614,28.597,28.58,28.545,28.562,28.511,28.545,28.511,28.58,28.597,28.58,28.511,28.494,28.477,28.477,28.494,28.477,28.46,28.443,28.426,28.408,28.408,28.443,28.477,28.494,28.443,28.374,28.426,28.357,28.374,28.391,28.426,28.391,28.357,28.34,28.34,28.306,28.271,28.306,28.34,28.34,28.357,28.34,28.306,28.323,28.306,28.323,28.323,28.323,28.271,28.22,28.22,28.203,28.203,28.203,28.186,28.168,28.168,28.186,28.186,28.203,28.168,28.168,28.168,28.151,28.203,28.22,28.186,28.254,28.254,28.306,28.22,28.186,28.168,28.134,28.151,28.168,28.22,28.254,28.271,28.34,28.374,28.391,28.494,28.58,28.597,28.511,28.494,28.528,28.477,28.511,28.545,28.58,28.665,28.699,28.75,28.784,28.819,28.836,28.853,28.836,28.853,28.87,28.921,28.989,29.125,29.329,29.431,29.617,30.023,30.225,30.292,30.259,30.208,30.225,30.376,30.41,30.376,30.326,30.259,30.124,30.04,29.972,29.905,29.854,29.786,29.651,29.448,29.329,29.278,29.244,29.227,29.142,29.159,29.21,29.193,29.227,29.295,29.38,29.346,29.363,29.38,29.448,29.516,29.499,29.465,29.499,29.448
,29.888,29.837,29.854,29.905,29.905,29.888,29.972,30.343,30.763,31.064,31.197,31.264,31.297,31.347,31.397,31.547,31.481,31.497,31.497,31.431,31.331,31.247,31.231,31.047,30.528,30.326,30.292,29.871,29.719,29.566,29.448,29.38,29.244,29.125,29.074,29.04,28.989,28.938,28.921,28.938,28.938,28.921,28.904,28.853,28.784,28.75,28.699,28.648,28.614,28.648,28.682,28.733,28.614,28.733,28.733,28.75,28.75,28.733,28.699,28.699,28.716,28.733,28.87,28.989,29.04,29.04,28.921,28.87,28.733,28.75,28.716,28.699,28.716,28.699,28.648,28.631,28.648,28.631,28.597,28.597,28.562,28.58,28.58,28.562,28.58,28.58,28.597,28.58,28.545,28.545,28.58,28.528,28.545,28.545,28.597,28.597,28.545,28.58,28.58,28.562,28.562,28.562,28.597,28.597,28.631,28.648,28.614,28.597,28.665,28.648,28.597,28.614,28.682,28.631,28.665,28.699,28.699,28.682,28.699,28.767,28.665,28.631,28.631,28.648,28.614,28.614,28.631,28.58,28.665,28.631,28.545,28.597,28.597,28.562,28.562,28.562,28.545,28.562,28.545,28.562,28.562,28.58,28.597,28.614,28.614,28.58,28.597,28.562,28.562,28.545,28.562,28.545,28.545,28.545,28.528,28.511,28.494,28.477,28.477,28.477,28.494,28.46,28.511,28.511,28.545,28.528,28.58,28.614,28.597,28.597,28.562,28.58,28.545,28.528,28.58,28.562,28.58,28.494,28.477,28.494,28.494,28.511,28.511,28.477,28.408,28.46,28.426,28.443,28.443,28.443,28.46,28.426,28.426,28.408,28.443,28.426,28.426,28.391,28.357,28.306,28.374,28.374,28.391,28.374,28.391,28.374,28.34,28.323,28.306,28.254,28.306,28.323,28.34,28.374,28.357,28.323,28.34,28.323,28.323,28.306,28.289,28.254,28.237,28.203,28.186,28.186,28.203,28.186,28.168,28.186,28.151,28.168,28.186,28.168,28.168,28.186,28.186,28.203,28.203,28.22,28.186,28.237,28.22,28.203,28.203,28.203,28.134,28.117,28.186,28.271,28.34,28.323,28.374,28.374,28.374,28.46,28.477,28.545,28.477,28.477,28.46,28.46,28.443,28.528,28.58,28.665,28.682,28.716,28.784,28.819,28.819,28.819,28.819,28.836,28.853,28.921,29.04,29.108,29.329,29.533,29.533,29.871,30.225,30.309,30.208,30.158,30.225,30.343,30.427,30.343,30.292,30.225,30.107,30.006,29.972,29.905,29.871,29.786,29.6,29.414,29.312,29.261,29.21,29.176,29.142,29.159,29.159,29.176,29.227,29.244,29.329,29.329,29.329,29.363,29.465,29.499,29.482,29.482,29.465,29.414
,29.955,29.922,29.854,29.82,29.837,29.786,30.124,30.393,30.746,31.014,31.181,31.264,31.314,31.381,31.497,31.547,31.664,31.664,31.547,31.464,31.364,31.247,31.147,30.947,30.544,30.326,30.242,29.871,29.668,29.482,29.397,29.346,29.21,29.091,29.074,29.04,28.955,28.921,28.921,28.904,28.887,28.887,28.87,28.836,28.801,28.75,28.716,28.648,28.597,28.597,28.597,28.562,28.614,28.682,28.716,28.699,28.699,28.631,28.614,28.648,28.682,28.716,28.819,28.955,29.057,29.057,29.006,28.904,28.87,28.836,28.784,28.767,28.767,28.733,28.699,28.716,28.665,28.631,28.614,28.631,28.597,28.597,28.562,28.528,28.528,28.511,28.511,28.528,28.511,28.511,28.528,28.477,28.494,28.511,28.562,28.545,28.528,28.58,28.545,28.545,28.545,28.545,28.562,28.545,28.562,28.597,28.562,28.562,28.597,28.597,28.597,28.597,28.631,28.562,28.631,28.665,28.631,28.665,28.665,28.648,28.631,28.614,28.58,28.562,28.562,28.562,28.562,28.614,28.58,28.562,28.545,28.562,28.528,28.494,28.46,28.477,28.46,28.46,28.477,28.494,28.511,28.545,28.562,28.562,28.562,28.562,28.528,28.477,28.426,28.443,28.443,28.46,28.477,28.477,28.494,28.443,28.426,28.391,28.374,28.374,28.426,28.426,28.408,28.426,28.443,28.443,28.477,28.528,28.511,28.545,28.528,28.511,28.426,28.46,28.494,28.494,28.545,28.477,28.408,28.426,28.408,28.477,28.408,28.408,28.391,28.374,28.374,28.391,28.426,28.443,28.408,28.374,28.374,28.357,28.357,28.391,28.391,28.357,28.34,28.289,28.306,28.323,28.374,28.374,28.374,28.357,28.34,28.323,28.289,28.289,28.289,28.306,28.34,28.357,28.374,28.323,28.323,28.306,28.289,28.289,28.289,28.237,28.22,28.22,28.203,28.186,28.186,28.168,28.168,28.151,28.134,28.151,28.151,28.151,28.186,28.186,28.22,28.237,28.289,28.22,28.237,28.186,28.151,28.186,28.168,28.203,28.151,28.186,28.271,28.306,28.357,28.323,28.391,28.391,28.323,28.357,28.443,28.46,28.46,28.443,28.408,28.426,28.443,28.477,28.58,28.665,28.648,28.682,28.75,28.784,28.784,28.801,28.819,28.836,28.87,28.921,29.006,29.091,29.295,29.465,29.668,29.905,30.057,30.175,30.191,30.191,30.175,30.175,30.191,30.208,30.242,30.208,30.141,30.04,29.972,29.905,29.871,29.736,29.516,29.38,29.278,29.227,29.193,29.159,29.142,29.159,29.159,29.193,29.193,29.125,29.278,29.312,29.346,29.448,29.431,29.363,29.363,29.431,29.431,29.363
,29.871,29.888,29.837,29.77,29.77,29.753,29.955,30.141,30.679,31.014,31.164,31.264,31.331,31.431,31.497,31.531,31.697,31.747,31.63,31.531,31.464,31.297,31.181,30.88,30.494,30.276,30.225,29.82,29.6,29.465,29.329,29.278,29.21,29.074,29.074,28.972,28.938,28.904,28.887,28.887,28.853,28.836,28.819,28.801,28.767,28.733,28.665,28.682,28.665,28.562,28.58,28.58,28.597,28.648,28.648,28.648,28.631,28.562,28.545,28.58,28.614,28.699,28.801,28.921,29.074,29.04,29.006,28.955,28.904,28.87,28.819,28.836,28.853,28.819,28.733,28.665,28.631,28.597,28.58,28.562,28.58,28.58,28.545,28.511,28.494,28.477,28.477,28.494,28.46,28.46,28.46,28.46,28.46,28.494,28.528,28.511,28.494,28.562,28.494,28.528,28.528,28.528,28.545,28.528,28.545,28.562,28.528,28.528,28.528,28.545,28.562,28.58,28.562,28.58,28.562,28.614,28.597,28.597,28.631,28.631,28.597,28.562,28.545,28.511,28.528,28.511,28.511,28.511,28.477,28.46,28.494,28.511,28.46,28.426,28.426,28.426,28.408,28.426,28.443,28.477,28.477,28.494,28.511,28.528,28.528,28.545,28.494,28.426,28.408,28.391,28.374,28.391,28.391,28.426,28.426,28.374,28.357,28.357,28.323,28.323,28.374,28.374,28.34,28.408,28.391,28.391,28.426,28.46,28.408,28.494,28.477,28.408,28.391,28.374,28.391,28.357,28.391,28.426,28.357,28.391,28.357,28.408,28.34,28.323,28.34,28.271,28.306,28.34,28.374,28.391,28.34,28.323,28.271,28.271,28.306,28.289,28.34,28.306,28.254,28.203,28.22,28.237,28.289,28.306,28.306,28.289,28.289,28.254,28.237,28.289,28.254,28.306,28.323,28.323,28.306,28.271,28.271,28.289,28.271,28.271,28.22,28.22,28.203,28.203,28.203,28.134,28.151,28.151,28.134,28.117,28.083,28.1,28.117,28.134,28.168,28.151,28.186,28.254,28.254,28.203,28.237,28.168,28.168,28.203,28.151,28.186,28.203,28.22,28.271,28.323,28.323,28.357,28.408,28.391,28.391,28.426,28.443,28.494,28.443,28.426,28.443,28.426,28.408,28.494,28.58,28.631,28.631,28.648,28.716,28.767,28.75,28.767,28.801,28.819,28.853,28.921,28.989,29.074,29.397,29.465,29.6,29.837,30.023,30.191,30.225,30.191,30.175,30.191,30.191,30.175,30.175,30.141,30.04,29.989,29.955,29.888,29.82,29.702,29.549,29.38,29.295,29.21,29.176,29.142,29.142,29.125,29.125,29.159,29.193,29.193,29.227,29.261,29.329,29.346,29.363,29.363,29.363,29.38,29.38,29.346
,29.871,29.854,29.803,29.753,29.736,29.736,29.871,30.175,30.729,31.08,31.181,31.281,31.331,31.414,31.531,31.664,31.73,31.73,31.697,31.63,31.531,31.314,31.097,30.763,30.477,30.427,30.09,29.702,29.482,29.38,29.278,29.21,29.193,29.057,29.023,28.972,28.938,28.887,28.87,28.836,28.836,28.819,28.801,28.784,28.75,28.733,28.699,28.648,28.597,28.545,28.528,28.597,28.58,28.597,28.597,28.597,28.58,28.545,28.528,28.528,28.58,28.665,28.767,28.938,29.057,29.057,29.006,28.972,28.921,28.904,28.836,28.801,28.801,28.887,28.801,28.665,28.597,28.562,28.494,28.511,28.511,28.46,28.46,28.477,28.443,28.443,28.443,28.46,28.426,28.426,28.426,28.426,28.426,28.443,28.46,28.46,28.443,28.494,28.426,28.46,28.511,28.511,28.511,28.511,28.511,28.511,28.494,28.511,28.528,28.494,28.511,28.511,28.545,28.528,28.528,28.494,28.511,28.597,28.648,28.614,28.58,28.545,28.511,28.511,28.477,28.477,28.477,28.477,28.408,28.443,28.443,28.426,28.391,28.408,28.408,28.391,28.391,28.374,28.391,28.408,28.408,28.443,28.477,28.494,28.477,28.494,28.46,28.391,28.374,28.374,28.374,28.374,28.391,28.443,28.391,28.34,28.306,28.306,28.237,28.289,28.306,28.306,28.306,28.34,28.323,28.34,28.374,28.408,28.391,28.426,28.426,28.374,28.357,28.306,28.306,28.306,28.34,28.306,28.289,28.323,28.323,28.323,28.254,28.271,28.237,28.237,28.271,28.289,28.306,28.306,28.306,28.237,28.186,28.22,28.186,28.186,28.237,28.22,28.186,28.22,28.203,28.237,28.254,28.203,28.22,28.186,28.22,28.203,28.168,28.203,28.186,28.22,28.254,28.22,28.237,28.22,28.22,28.237,28.22,28.22,28.186,28.22,28.168,28.151,28.151,28.1,28.1,28.083,28.065,28.065,28.065,28.065,28.083,28.117,28.134,28.134,28.134,28.203,28.203,28.186,28.203,28.151,28.151,28.134,28.168,28.168,28.22,28.254,28.323,28.323,28.34,28.374,28.357,28.306,28.323,28.357,28.374,28.391,28.477,28.477,28.426,28.443,28.477,28.494,28.528,28.58,28.597,28.631,28.682,28.733,28.75,28.75,28.767,28.801,28.819,28.887,28.989,29.142,29.295,29.431,29.533,29.77,29.955,30.057,30.141,30.175,30.191,30.225,30.242,30.309,30.242,30.107,29.989,29.989,29.955,29.837,29.753,29.668,29.533,29.38,29.278,29.21,29.159,29.125,29.142,29.108,29.091,29.108,29.193,29.227,29.244,29.227,29.312,29.295,29.312,29.295,29.312,29.363,29.363,29.329
,29.854,29.82,29.786,29.736,29.753,29.719,29.854,30.326,30.813,31.047,31.164,31.281,31.281,31.397,31.564,31.597,31.58,31.614,31.614,31.514,31.364,31.181,30.963,30.896,30.612,30.494,30.057,29.719,29.516,29.312,29.227,29.193,29.108,28.989,29.006,28.938,28.921,28.87,28.836,28.819,28.801,28.784,28.784,28.733,28.716,28.716,28.665,28.665,28.614,28.545,28.562,28.562,28.562,28.58,28.597,28.597,28.58,28.545,28.528,28.511,28.545,28.614,28.665,28.972,29.04,28.989,28.955,28.972,28.972,28.904,28.853,28.801,28.784,28.819,28.767,28.665,28.545,28.477,28.46,28.443,28.426,28.426,28.426,28.408,28.391,28.374,28.374,28.391,28.391,28.391,28.391,28.374,28.391,28.374,28.408,28.374,28.391,28.408,28.357,28.391,28.426,28.46,28.46,28.477,28.46,28.46,28.494,28.477,28.494,28.426,28.443,28.511,28.511,28.477,28.46,28.494,28.443,28.528,28.511,28.545,28.545,28.511,28.494,28.46,28.477,28.46,28.443,28.426,28.408,28.391,28.426,28.391,28.357,28.391,28.374,28.374,28.374,28.374,28.357,28.374,28.391,28.408,28.426,28.426,28.426,28.426,28.374,28.374,28.34,28.34,28.357,28.391,28.374,28.391,28.357,28.271,28.254,28.237,28.186,28.254,28.271,28.254,28.306,28.271,28.254,28.323,28.34,28.357,28.357,28.34,28.357,28.323,28.306,28.271,28.271,28.271,28.323,28.254,28.237,28.254,28.289,28.254,28.203,28.237,28.203,28.186,28.271,28.237,28.254,28.254,28.237,28.203,28.151,28.151,28.168,28.186,28.168,28.186,28.168,28.168,28.151,28.186,28.168,28.117,28.151,28.186,28.22,28.168,28.134,28.151,28.134,28.186,28.203,28.186,28.168,28.186,28.203,28.203,28.203,28.168,28.151,28.151,28.134,28.134,28.117,28.083,28.065,28.048,28.014,28.014,28.014,28.031,28.1,28.134,28.134,28.134,28.151,28.168,28.186,28.186,28.186,28.134,28.134,28.083,28.186,28.203,28.237,28.289,28.323,28.34,28.391,28.323,28.306,28.271,28.271,28.289,28.323,28.374,28.408,28.426,28.426,28.477,28.46,28.528,28.631,28.528,28.597,28.614,28.682,28.716,28.75,28.733,28.75,28.801,28.801,28.853,28.955,29.04,29.176,29.431,29.549,29.803,29.972,30.073,30.124,30.175,30.225,30.242,30.259,30.242,30.225,30.175,30.04,29.955,29.871,29.871,29.736,29.6,29.448,29.329,29.278,29.21,29.176,29.125,29.125,29.091,29.074,29.091,29.108,29.108,29.21,29.244,29.244,29.295,29.278,29.312,29.346,29.329,29.329,29.312
,29.803,29.786,29.77,29.719,29.736,29.77,29.888,30.208,30.712,31.03,31.147,31.247,31.247,31.281,31.381,31.397,31.514,31.564,31.564,31.481,31.281,31.131,31.114,30.963,30.662,30.36,30.023,29.685,29.499,29.329,29.193,29.193,29.057,28.972,28.972,28.921,28.887,28.836,28.801,28.784,28.784,28.784,28.767,28.716,28.716,28.699,28.648,28.631,28.597,28.58,28.58,28.562,28.562,28.58,28.58,28.562,28.545,28.545,28.545,28.511,28.511,28.562,28.614,28.887,29.023,28.989,28.972,28.938,28.955,28.887,28.819,28.819,28.836,28.836,28.75,28.631,28.545,28.477,28.426,28.443,28.408,28.357,28.357,28.374,28.34,28.34,28.34,28.357,28.34,28.357,28.34,28.306,28.323,28.271,28.357,28.306,28.306,28.34,28.289,28.374,28.34,28.408,28.408,28.426,28.426,28.426,28.46,28.46,28.426,28.426,28.391,28.391,28.408,28.408,28.408,28.374,28.426,28.408,28.408,28.46,28.46,28.46,28.46,28.443,28.408,28.391,28.374,28.34,28.323,28.323,28.323,28.34,28.34,28.34,28.34,28.357,28.34,28.357,28.34,28.34,28.34,28.34,28.34,28.357,28.357,28.357,28.323,28.306,28.323,28.306,28.34,28.374,28.323,28.323,28.323,28.254,28.22,28.186,28.186,28.237,28.254,28.22,28.254,28.237,28.254,28.271,28.306,28.323,28.323,28.289,28.289,28.271,28.271,28.289,28.254,28.289,28.306,28.237,28.22,28.186,28.22,28.186,28.151,28.186,28.168,28.151,28.22,28.203,28.22,28.186,28.168,28.168,28.134,28.151,28.151,28.134,28.134,28.134,28.134,28.168,28.134,28.117,28.134,28.117,28.1,28.134,28.134,28.168,28.151,28.134,28.134,28.1,28.117,28.168,28.168,28.151,28.151,28.151,28.134,28.134,28.117,28.117,28.1,28.1,28.1,28.065,28.031,28.031,28.014,28.014,28.014,28.031,28.117,28.151,28.134,28.151,28.186,28.134,28.151,28.186,28.168,28.151,28.151,28.117,28.22,28.203,28.186,28.289,28.289,28.289,28.323,28.289,28.289,28.237,28.203,28.22,28.271,28.34,28.408,28.408,28.443,28.494,28.511,28.545,28.494,28.545,28.562,28.648,28.665,28.716,28.716,28.733,28.784,28.801,28.801,28.819,28.853,28.955,29.159,29.363,29.465,29.854,29.972,30.073,30.124,30.175,30.208,30.242,30.276,30.276,30.225,30.124,29.989,29.938,29.854,29.753,29.702,29.533,29.414,29.363,29.261,29.193,29.159,29.108,29.108,29.057,29.057,29.074,29.091,29.091,29.193,29.227,29.21,29.278,29.278,29.244,29.278,29.329,29.295,29.312
,29.786,29.77,29.753,29.702,29.719,29.753,29.938,30.292,30.746,31.047,31.131,31.197,31.164,31.197,31.281,31.264,31.347,31.414,31.414,31.397,31.297,31.047,31.097,30.913,30.528,30.208,29.989,29.685,29.448,29.346,29.261,29.193,29.091,29.04,28.989,28.938,28.904,28.853,28.819,28.801,28.784,28.767,28.75,28.716,28.699,28.665,28.648,28.631,28.614,28.597,28.562,28.562,28.562,28.58,28.58,28.562,28.545,28.528,28.528,28.511,28.511,28.562,28.665,28.921,28.989,29.006,28.972,28.955,28.955,28.989,28.938,28.87,28.904,28.801,28.75,28.614,28.443,28.408,28.391,28.391,28.374,28.34,28.34,28.34,28.323,28.323,28.34,28.323,28.323,28.306,28.289,28.271,28.271,28.22,28.289,28.271,28.254,28.271,28.237,28.271,28.289,28.323,28.306,28.306,28.323,28.374,28.408,28.426,28.374,28.323,28.289,28.289,28.323,28.357,28.391,28.357,28.323,28.34,28.323,28.391,28.426,28.391,28.374,28.374,28.374,28.374,28.34,28.323,28.271,28.237,28.203,28.271,28.289,28.306,28.323,28.306,28.306,28.306,28.306,28.289,28.271,28.289,28.254,28.289,28.271,28.271,28.271,28.22,28.271,28.271,28.254,28.34,28.323,28.289,28.271,28.237,28.203,28.186,28.168,28.186,28.203,28.151,28.22,28.22,28.271,28.254,28.289,28.306,28.306,28.271,28.271,28.254,28.237,28.254,28.254,28.254,28.237,28.203,28.168,28.168,28.168,28.117,28.151,28.117,28.151,28.151,28.151,28.151,28.134,28.134,28.134,28.151,28.117,28.117,28.151,28.1,28.083,28.083,28.1,28.134,28.134,28.117,28.151,28.117,28.1,28.1,28.1,28.1,28.083,28.134,28.117,28.083,28.1,28.134,28.134,28.134,28.117,28.1,28.1,28.048,28.065,28.083,28.1,28.083,28.083,28.065,28.048,28.048,28.048,28.048,28.014,28.048,28.134,28.203,28.254,28.237,28.237,28.168,28.151,28.151,28.151,28.151,28.186,28.151,28.237,28.186,28.186,28.254,28.254,28.254,28.271,28.237,28.22,28.22,28.203,28.237,28.289,28.34,28.391,28.408,28.408,28.443,28.494,28.511,28.511,28.562,28.614,28.648,28.614,28.648,28.682,28.75,28.784,28.784,28.819,28.801,28.836,29.023,29.193,29.312,29.397,29.837,29.972,30.023,30.09,30.073,30.158,30.225,30.242,30.276,30.225,30.073,30.04,29.972,29.871,29.736,29.685,29.549,29.465,29.346,29.227,29.159,29.125,29.108,29.091,29.04,29.04,29.074,29.074,29.108,29.193,29.193,29.21,29.227,29.244,29.244,29.278,29.278,29.244,29.261
,29.803,29.786,29.736,29.685,29.719,29.702,29.736,30.343,30.863,31.03,31.064,31.164,31.097,31.181,31.164,31.197,31.231,31.264,31.264,31.247,31.247,31.014,31.03,30.83,30.461,30.276,29.989,29.719,29.499,29.346,29.295,29.159,29.108,29.057,29.006,28.955,28.887,28.836,28.836,28.819,28.784,28.767,28.75,28.699,28.699,28.665,28.665,28.665,28.614,28.597,28.58,28.545,28.562,28.562,28.562,28.562,28.562,28.545,28.528,28.494,28.511,28.545,28.614,28.904,28.938,28.989,28.972,28.989,28.972,28.904,28.938,28.921,28.887,28.904,28.801,28.58,28.408,28.374,28.374,28.374,28.357,28.357,28.323,28.306,28.323,28.323,28.323,28.306,28.289,28.289,28.254,28.237,28.254,28.186,28.254,28.203,28.254,28.254,28.254,28.237,28.271,28.22,28.254,28.237,28.254,28.306,28.323,28.323,28.357,28.289,28.306,28.289,28.323,28.306,28.306,28.323,28.271,28.271,28.34,28.323,28.323,28.323,28.323,28.323,28.306,28.306,28.254,28.271,28.254,28.203,28.186,28.203,28.237,28.254,28.271,28.271,28.289,28.271,28.254,28.237,28.237,28.237,28.22,28.22,28.203,28.186,28.203,28.186,28.186,28.186,28.168,28.203,28.203,28.22,28.186,28.186,28.186,28.168,28.134,28.151,28.151,28.134,28.168,28.168,28.203,28.237,28.254,28.254,28.254,28.22,28.237,28.203,28.203,28.22,28.203,28.168,28.203,28.168,28.151,28.151,28.134,28.1,28.117,28.083,28.117,28.117,28.117,28.117,28.117,28.1,28.1,28.134,28.1,28.1,28.134,28.083,28.065,28.083,28.083,28.1,28.117,28.1,28.1,28.1,28.065,28.065,28.083,28.151,28.1,28.117,28.083,28.083,28.065,28.1,28.1,28.1,28.1,28.083,28.031,28.048,28.065,28.065,28.065,28.065,28.065,28.065,28.065,28.083,28.117,28.117,28.134,28.168,28.254,28.374,28.46,28.408,28.34,28.203,28.168,28.117,28.117,28.151,28.203,28.151,28.22,28.203,28.203,28.237,28.271,28.22,28.237,28.22,28.203,28.22,28.237,28.254,28.289,28.323,28.357,28.374,28.374,28.391,28.494,28.494,28.477,28.528,28.58,28.631,28.648,28.648,28.682,28.733,28.75,28.75,28.819,28.87,28.87,29.023,29.227,29.431,29.516,29.736,29.989,30.006,30.057,29.989,30.107,30.175,30.225,30.208,30.09,30.073,29.972,29.922,29.82,29.82,29.617,29.533,29.431,29.295,29.193,29.142,29.125,29.108,29.074,29.04,29.023,29.04,29.04,29.091,29.159,29.176,29.227,29.244,29.261,29.295,29.244,29.21,29.227,29.227
,29.803,29.77,29.736,29.668,29.685,29.719,29.803,30.276,30.763,30.997,31.114,31.08,31.114,31.08,31.08,31.147,31.197,31.197,31.181,31.131,31.114,31.03,31.047,30.679,30.41,30.36,30.023,29.634,29.431,29.312,29.244,29.125,29.108,29.04,28.989,28.938,28.904,28.87,28.853,28.801,28.733,28.733,28.716,28.699,28.665,28.665,28.648,28.648,28.597,28.58,28.597,28.545,28.562,28.545,28.545,28.562,28.562,28.545,28.528,28.494,28.443,28.545,28.682,28.955,28.955,28.972,28.938,28.938,28.904,28.904,28.836,28.801,28.853,28.887,28.733,28.511,28.391,28.357,28.374,28.357,28.357,28.34,28.34,28.323,28.323,28.34,28.323,28.323,28.289,28.289,28.254,28.237,28.254,28.186,28.22,28.237,28.237,28.254,28.254,28.271,28.254,28.22,28.22,28.203,28.186,28.22,28.271,28.34,28.323,28.306,28.289,28.271,28.271,28.271,28.306,28.271,28.254,28.254,28.254,28.271,28.289,28.323,28.306,28.271,28.254,28.237,28.22,28.203,28.203,28.168,28.134,28.151,28.186,28.237,28.237,28.237,28.237,28.22,28.22,28.203,28.203,28.186,28.186,28.168,28.151,28.134,28.117,28.134,28.134,28.117,28.117,28.1,28.083,28.134,28.151,28.151,28.168,28.151,28.117,28.134,28.117,28.1,28.151,28.117,28.134,28.168,28.168,28.186,28.203,28.203,28.22,28.151,28.168,28.186,28.168,28.134,28.186,28.151,28.151,28.134,28.1,28.1,28.083,28.083,28.083,28.1,28.083,28.083,28.083,28.083,28.065,28.1,28.1,28.117,28.1,28.065,28.048,28.065,28.048,28.083,28.083,28.065,28.083,28.1,28.048,28.083,28.065,28.134,28.117,28.1,28.083,28.065,28.065,28.065,28.065,28.065,28.048,28.031,28.014,28.014,28.014,28.031,28.031,28.031,28.048,28.014,28.065,28.168,28.203,28.203,28.237,28.323,28.391,28.477,28.494,28.443,28.34,28.186,28.151,28.117,28.117,28.151,28.186,28.168,28.203,28.203,28.203,28.237,28.22,28.203,28.22,28.151,28.186,28.22,28.237,28.237,28.271,28.289,28.34,28.357,28.357,28.443,28.443,28.511,28.545,28.562,28.58,28.597,28.597,28.682,28.665,28.682,28.716,28.733,28.801,28.887,28.938,29.006,29.227,29.516,29.549,29.786,29.972,30.006,30.04,29.955,29.972,29.989,30.023,30.023,29.955,29.922,29.871,29.922,29.854,29.753,29.617,29.499,29.363,29.244,29.142,29.091,29.091,29.074,29.023,29.04,29.04,29.023,29.023,29.074,29.091,29.125,29.244,29.261,29.227,29.244,29.21,29.176,29.176,29.193
,29.786,29.702,29.736,29.668,29.617,29.651,29.82,30.259,30.712,30.913,30.963,31.097,31.047,31.08,31.131,31.164,31.197,31.247,31.247,31.131,31.08,31.047,30.896,30.578,30.326,30.259,29.938,29.533,29.346,29.312,29.278,29.176,29.142,29.108,29.04,28.989,28.921,28.87,28.853,28.819,28.767,28.733,28.716,28.665,28.665,28.648,28.648,28.614,28.562,28.562,28.545,28.562,28.562,28.562,28.58,28.597,28.545,28.511,28.494,28.511,28.494,28.46,28.665,28.887,29.006,28.989,28.972,28.938,28.887,28.87,28.699,28.767,28.836,28.733,28.528,28.391,28.34,28.323,28.34,28.34,28.34,28.34,28.34,28.357,28.357,28.357,28.34,28.306,28.289,28.289,28.271,28.254,28.237,28.186,28.203,28.203,28.254,28.254,28.271,28.271,28.237,28.203,28.186,28.168,28.134,28.186,28.271,28.306,28.289,28.271,28.254,28.254,28.271,28.271,28.271,28.254,28.237,28.237,28.254,28.271,28.289,28.289,28.271,28.237,28.22,28.22,28.22,28.186,28.168,28.151,28.1,28.117,28.134,28.203,28.203,28.186,28.186,28.168,28.168,28.186,28.168,28.151,28.134,28.117,28.117,28.117,28.083,28.083,28.117,28.117,28.083,28.083,28.083,28.1,28.134,28.134,28.151,28.117,28.1,28.117,28.1,28.065,28.1,28.083,28.117,28.134,28.168,28.203,28.186,28.186,28.186,28.134,28.151,28.151,28.151,28.134,28.134,28.117,28.117,28.1,28.065,28.065,28.065,28.065,28.1,28.065,28.083,28.048,27.997,28.031,28.014,28.048,28.048,28.083,28.083,28.048,28.014,28.048,28.031,28.048,28.048,28.031,28.065,28.065,28.065,28.083,28.1,28.1,28.083,28.065,28.065,28.048,28.083,28.065,28.048,28.031,28.031,27.997,27.98,27.98,27.997,27.98,27.98,27.962,27.98,28.151,28.271,28.34,28.323,28.306,28.357,28.426,28.494,28.528,28.511,28.443,28.323,28.168,28.151,28.134,28.1,28.117,28.151,28.168,28.168,28.151,28.203,28.203,28.168,28.186,28.168,28.151,28.186,28.22,28.22,28.237,28.271,28.271,28.34,28.391,28.357,28.391,28.477,28.46,28.443,28.597,28.648,28.614,28.597,28.665,28.648,28.665,28.682,28.699,28.784,28.87,28.938,29.074,29.261,29.448,29.566,29.922,30.006,30.04,30.04,29.938,29.905,29.871,29.854,29.82,29.786,29.82,29.753,29.803,29.702,29.702,29.549,29.549,29.397,29.244,29.159,29.108,29.091,29.074,29.04,29.057,29.023,28.989,28.989,29.023,29.074,29.125,29.244,29.261,29.21,29.227,29.227,29.193,29.193,29.227
,29.854,29.668,29.719,29.685,29.685,29.617,29.77,30.376,30.863,30.913,30.896,30.963,30.997,31.097,31.131,31.214,31.281,31.314,31.347,31.247,31.047,31.03,30.896,30.494,30.225,30.073,29.82,29.533,29.38,29.329,29.278,29.193,29.176,29.057,29.057,28.938,28.819,28.801,28.801,28.75,28.733,28.716,28.682,28.665,28.665,28.682,28.631,28.58,28.562,28.562,28.528,28.545,28.562,28.58,28.597,28.58,28.545,28.494,28.46,28.477,28.511,28.528,28.648,28.904,29.006,28.955,28.938,28.904,28.887,28.836,28.699,28.631,28.819,28.784,28.477,28.34,28.357,28.357,28.357,28.34,28.34,28.323,28.34,28.357,28.357,28.34,28.323,28.289,28.289,28.271,28.271,28.237,28.203,28.203,28.186,28.151,28.22,28.271,28.254,28.254,28.271,28.22,28.186,28.134,28.151,28.203,28.203,28.254,28.306,28.289,28.271,28.254,28.271,28.289,28.289,28.254,28.237,28.237,28.254,28.289,28.271,28.271,28.254,28.237,28.203,28.186,28.168,28.151,28.134,28.083,28.065,28.1,28.151,28.168,28.186,28.168,28.168,28.134,28.134,28.151,28.151,28.151,28.134,28.1,28.1,28.1,28.065,28.065,28.083,28.1,28.1,28.1,28.083,28.083,28.117,28.134,28.134,28.1,28.1,28.1,28.083,28.065,28.048,28.065,28.083,28.117,28.151,28.186,28.134,28.134,28.168,28.134,28.134,28.117,28.117,28.134,28.083,28.1,28.083,28.065,28.048,28.065,28.048,28.065,28.083,28.065,28.083,28.014,27.997,28.014,27.945,28.031,27.997,28.031,28.065,28.048,28.014,28.014,27.997,27.997,28.014,28.014,28.014,28.031,28.065,28.065,28.065,28.065,28.048,28.048,27.997,28.014,28.031,27.997,28.048,27.997,27.997,27.98,27.98,27.98,27.98,27.945,27.98,27.962,27.962,28.065,28.237,28.271,28.306,28.357,28.426,28.511,28.545,28.545,28.511,28.494,28.426,28.203,28.134,28.134,28.065,28.1,28.134,28.151,28.151,28.134,28.186,28.186,28.168,28.151,28.151,28.134,28.168,28.203,28.203,28.203,28.237,28.271,28.306,28.323,28.306,28.306,28.443,28.511,28.545,28.597,28.597,28.597,28.631,28.597,28.665,28.699,28.733,28.75,28.819,28.938,29.057,29.125,29.193,29.38,29.583,29.837,30.04,30.073,30.006,29.922,29.871,29.803,29.786,29.753,29.753,29.803,29.753,29.719,29.719,29.668,29.583,29.431,29.278,29.21,29.142,29.091,29.091,29.04,29.057,28.989,28.955,28.955,28.972,29.023,29.091,29.176,29.244,29.278,29.244,29.21,29.21,29.193,29.193,29.193
,29.989,29.702,29.685,29.634,29.719,29.685,29.786,30.36,30.947,30.947,30.963,31.014,31.014,31.064,31.097,31.197,31.331,31.381,31.364,31.314,31.147,31.03,30.98,30.511,30.242,30.023,29.82,29.583,29.38,29.363,29.261,29.21,29.159,29.091,28.989,28.904,28.836,28.801,28.784,28.75,28.733,28.733,28.716,28.682,28.648,28.665,28.597,28.597,28.562,28.545,28.528,28.528,28.528,28.58,28.58,28.562,28.545,28.477,28.443,28.477,28.511,28.597,28.801,28.972,28.955,28.989,28.972,28.904,28.87,28.784,28.75,28.767,28.853,28.699,28.426,28.323,28.323,28.306,28.323,28.34,28.357,28.306,28.34,28.357,28.357,28.357,28.306,28.289,28.254,28.254,28.237,28.22,28.186,28.168,28.151,28.117,28.168,28.203,28.237,28.237,28.237,28.22,28.186,28.134,28.151,28.186,28.22,28.237,28.237,28.289,28.237,28.237,28.271,28.254,28.254,28.271,28.254,28.254,28.271,28.254,28.254,28.271,28.271,28.237,28.186,28.186,28.151,28.117,28.083,28.065,28.083,28.083,28.117,28.134,28.151,28.151,28.134,28.1,28.1,28.134,28.134,28.151,28.151,28.117,28.117,28.083,28.065,28.083,28.065,28.083,28.065,28.083,28.083,28.1,28.117,28.1,28.1,28.083,28.083,28.083,28.083,28.048,28.048,28.048,28.048,28.048,28.083,28.1,28.083,28.117,28.151,28.168,28.117,28.083,28.1,28.1,28.083,28.065,28.065,28.048,28.014,28.065,28.048,28.065,28.048,28.031,28.031,27.997,27.945,27.98,27.928,27.98,27.997,28.065,28.014,28.031,28.014,27.98,27.962,27.962,27.98,28.014,27.997,28.014,28.014,27.997,28.031,28.048,28.014,28.014,27.962,27.997,27.997,28.014,28.014,28.031,27.997,27.98,27.962,27.962,27.962,27.945,27.945,27.945,28.014,28.134,28.186,28.151,28.306,28.374,28.443,28.511,28.545,28.545,28.511,28.511,28.391,28.168,28.083,28.083,28.065,28.1,28.134,28.151,28.134,28.117,28.168,28.151,28.186,28.134,28.134,28.134,28.151,28.168,28.186,28.203,28.237,28.254,28.271,28.323,28.306,28.306,28.391,28.443,28.494,28.562,28.58,28.597,28.597,28.699,28.682,28.716,28.801,28.887,28.904,28.955,29.074,29.142,29.227,29.346,29.448,29.651,29.989,30.057,29.972,29.922,29.854,29.837,29.82,29.786,29.786,29.837,29.786,29.702,29.651,29.617,29.533,29.363,29.244,29.176,29.125,29.108,29.091,29.074,29.023,28.972,28.955,28.972,28.955,28.989,29.074,29.176,29.193,29.261,29.227,29.176,29.21,29.21,29.193,29.176
,30.124,29.77,29.736,29.736,29.685,29.736,29.871,30.242,30.746,30.98,31.014,31.047,31.047,31.064,31.114,31.214,31.331,31.364,31.364,31.347,31.264,30.98,30.846,30.612,30.477,30.107,29.719,29.533,29.397,29.312,29.278,29.193,29.176,29.108,28.938,28.904,28.836,28.75,28.716,28.733,28.733,28.716,28.699,28.682,28.665,28.631,28.631,28.597,28.545,28.528,28.545,28.545,28.545,28.562,28.597,28.597,28.545,28.46,28.443,28.426,28.477,28.58,28.767,28.904,28.938,28.972,28.972,28.887,28.904,28.904,28.904,28.87,28.887,28.648,28.374,28.323,28.289,28.271,28.306,28.374,28.34,28.34,28.34,28.34,28.34,28.323,28.271,28.237,28.22,28.237,28.168,28.22,28.151,28.117,28.151,28.117,28.134,28.168,28.186,28.22,28.22,28.186,28.134,28.117,28.117,28.134,28.168,28.151,28.168,28.203,28.203,28.203,28.237,28.237,28.237,28.237,28.22,28.22,28.237,28.22,28.22,28.254,28.237,28.22,28.186,28.168,28.134,28.1,28.065,28.048,28.065,28.065,28.083,28.117,28.117,28.117,28.117,28.1,28.1,28.117,28.134,28.151,28.168,28.117,28.1,28.083,28.065,28.065,28.048,28.065,28.065,28.048,28.065,28.117,28.117,28.083,28.065,28.065,28.065,28.065,28.048,28.048,28.031,28.031,28.031,28.031,28.048,28.065,28.065,28.1,28.1,28.134,28.083,28.048,28.1,28.048,28.048,27.997,28.048,28.014,27.997,28.048,28.031,28.031,28.031,27.997,27.98,27.962,27.962,27.962,27.945,27.928,27.997,28.014,28.031,28.014,27.98,27.945,27.911,27.962,27.945,27.98,27.98,27.997,28.014,27.962,27.98,27.997,27.98,27.962,28.014,27.945,27.98,28.031,27.997,28.014,27.962,27.962,27.945,27.945,27.945,27.945,27.962,27.962,28.083,28.22,28.203,28.151,28.186,28.374,28.528,28.528,28.528,28.545,28.528,28.477,28.357,28.186,28.065,28.065,28.083,28.065,28.134,28.134,28.1,28.083,28.151,28.134,28.168,28.134,28.134,28.134,28.134,28.168,28.168,28.186,28.22,28.237,28.254,28.306,28.323,28.34,28.391,28.443,28.511,28.545,28.562,28.597,28.614,28.631,28.665,28.648,28.767,28.784,28.853,28.938,28.972,29.074,29.21,29.312,29.448,29.651,29.972,30.04,29.989,29.972,30.006,29.989,29.922,29.888,29.905,29.888,29.803,29.702,29.668,29.583,29.533,29.414,29.312,29.227,29.142,29.074,29.023,29.006,28.989,28.989,28.955,28.921,28.938,28.938,29.074,29.176,29.125,29.193,29.159,29.159,29.21,29.227,29.21,29.176
,30.376,30.04,30.107,29.685,29.82,29.837,29.905,30.309,30.813,30.98,31.03,31.03,31.047,31.064,31.147,31.247,31.314,31.347,31.314,31.297,31.197,31.014,30.746,30.612,30.494,30.057,29.702,29.566,29.414,29.312,29.295,29.21,29.142,29.04,29.006,28.904,28.801,28.733,28.716,28.716,28.699,28.699,28.699,28.682,28.682,28.648,28.648,28.631,28.597,28.58,28.562,28.562,28.562,28.562,28.58,28.562,28.511,28.46,28.408,28.408,28.477,28.597,28.716,28.921,28.989,28.972,28.887,28.887,28.87,28.904,28.87,28.784,28.853,28.665,28.374,28.34,28.289,28.271,28.289,28.323,28.271,28.289,28.306,28.289,28.289,28.271,28.254,28.237,28.203,28.186,28.151,28.151,28.1,28.117,28.1,28.117,28.117,28.117,28.134,28.168,28.168,28.168,28.134,28.1,28.1,28.117,28.117,28.151,28.168,28.151,28.151,28.168,28.237,28.22,28.203,28.186,28.186,28.186,28.186,28.186,28.237,28.237,28.237,28.203,28.186,28.134,28.117,28.1,28.065,28.048,28.048,28.048,28.065,28.1,28.1,28.1,28.1,28.1,28.117,28.117,28.151,28.151,28.134,28.117,28.1,28.048,28.048,28.031,28.014,28.048,28.065,28.031,28.048,28.065,28.065,28.065,28.031,28.014,28.014,28.031,28.014,27.997,28.014,28.014,28.031,27.997,27.997,28.031,28.014,28.031,28.083,28.065,28.031,28.031,28.083,28.031,28.014,27.962,28.031,27.997,27.997,27.997,27.997,27.98,28.014,27.98,27.962,27.945,27.98,27.98,27.945,27.945,27.945,27.945,28.014,27.962,27.945,27.894,27.894,27.911,27.894,27.928,27.945,27.911,27.928,27.945,27.98,27.962,27.928,27.842,27.928,27.876,27.945,27.962,27.962,27.962,27.945,27.962,27.962,27.945,27.945,27.962,28.014,28.048,28.065,28.271,28.323,28.254,28.289,28.391,28.46,28.494,28.528,28.528,28.511,28.426,28.271,28.117,28.083,28.083,28.083,28.048,28.1,28.117,28.083,28.1,28.134,28.134,28.151,28.134,28.117,28.117,28.1,28.151,28.168,28.168,28.203,28.22,28.271,28.289,28.306,28.357,28.374,28.357,28.443,28.545,28.58,28.58,28.597,28.614,28.682,28.75,28.733,28.767,28.853,28.904,29.023,29.142,29.159,29.295,29.549,29.736,29.972,30.006,29.972,29.972,30.073,30.073,29.989,30.006,30.023,29.938,29.82,29.719,29.668,29.549,29.533,29.363,29.346,29.244,29.159,29.074,29.006,28.938,28.938,28.955,28.887,28.887,28.87,28.904,29.023,29.108,29.108,29.176,29.142,29.176,29.193,29.21,29.193,29.176
,30.595,30.544,30.41,30.225,30.04,29.955,30.09,30.376,30.612,30.779,31.03,31.03,31.064,31.064,31.114,31.231,31.281,31.297,31.314,31.214,31.114,31.047,30.796,30.628,30.444,30.023,29.651,29.566,29.431,29.363,29.261,29.159,29.142,29.04,28.921,28.853,28.801,28.767,28.75,28.699,28.682,28.699,28.699,28.682,28.665,28.648,28.631,28.648,28.631,28.614,28.58,28.562,28.58,28.58,28.562,28.545,28.494,28.46,28.408,28.426,28.511,28.562,28.887,28.972,28.989,28.955,28.921,28.887,28.836,28.767,28.716,28.699,28.75,28.699,28.494,28.357,28.306,28.306,28.289,28.271,28.254,28.237,28.237,28.22,28.22,28.22,28.22,28.22,28.203,28.168,28.134,28.117,28.1,28.1,28.1,28.083,28.083,28.1,28.1,28.117,28.134,28.117,28.134,28.083,28.1,28.134,28.117,28.1,28.117,28.117,28.117,28.134,28.168,28.186,28.151,28.117,28.134,28.168,28.203,28.22,28.186,28.168,28.168,28.186,28.203,28.151,28.117,28.1,28.065,28.048,28.048,28.031,28.048,28.065,28.065,28.1,28.1,28.083,28.1,28.117,28.134,28.151,28.151,28.134,28.1,28.048,28.031,28.014,27.997,28.031,28.048,28.048,28.065,28.048,28.048,28.014,27.997,27.98,27.962,27.997,27.997,27.962,27.997,27.997,28.031,27.945,27.962,27.945,27.98,27.98,28.014,28.014,27.997,27.98,28.048,28.014,28.014,27.945,27.98,27.962,27.98,27.962,27.98,27.962,27.98,27.962,27.98,27.98,27.945,27.962,27.945,27.945,27.894,27.962,27.945,27.962,27.876,27.842,27.825,27.894,27.825,27.876,27.876,27.859,27.894,27.894,27.894,27.894,27.859,27.825,27.808,27.842,27.894,27.911,27.962,27.911,27.962,27.945,27.894,27.928,27.928,27.945,27.997,28.083,28.117,28.203,28.34,28.391,28.426,28.426,28.426,28.443,28.477,28.511,28.477,28.408,28.271,28.134,28.083,28.065,28.065,28.065,28.1,28.117,28.134,28.134,28.1,28.1,28.117,28.1,28.1,28.117,28.1,28.117,28.117,28.168,28.203,28.237,28.254,28.289,28.323,28.391,28.408,28.408,28.46,28.528,28.562,28.614,28.597,28.631,28.665,28.716,28.733,28.716,28.716,28.767,28.887,29.023,29.21,29.38,29.516,29.702,29.837,29.922,29.989,29.938,30.006,30.023,29.989,30.057,30.09,30.023,29.905,29.786,29.685,29.617,29.533,29.431,29.346,29.244,29.176,29.074,28.989,28.955,28.938,28.904,28.87,28.887,28.887,28.887,28.972,29.04,29.057,29.142,29.159,29.193,29.159,29.193,29.193,29.176
,30.913,30.628,30.561,30.309,30.191,30.158,30.242,30.41,30.595,30.83,31.014,31.08,31.047,31.064,31.08,31.164,31.247,31.264,31.247,31.131,31.014,30.863,30.83,30.679,30.309,29.871,29.651,29.533,29.397,29.261,29.278,29.142,29.108,28.955,28.87,28.819,28.767,28.75,28.733,28.699,28.682,28.699,28.665,28.631,28.665,28.648,28.648,28.631,28.614,28.597,28.58,28.58,28.58,28.562,28.562,28.528,28.477,28.426,28.391,28.391,28.426,28.511,28.75,28.904,28.921,28.955,28.921,28.887,28.853,28.767,28.682,28.665,28.716,28.665,28.494,28.357,28.323,28.306,28.271,28.254,28.237,28.22,28.203,28.186,28.203,28.203,28.168,28.151,28.151,28.168,28.168,28.134,28.117,28.117,28.117,28.1,28.083,28.083,28.1,28.1,28.1,28.117,28.1,28.083,28.117,28.151,28.134,28.151,28.151,28.117,28.117,28.134,28.151,28.134,28.117,28.117,28.1,28.151,28.203,28.22,28.186,28.168,28.168,28.168,28.203,28.168,28.134,28.1,28.065,28.048,28.048,28.048,28.048,28.048,28.048,28.065,28.083,28.083,28.1,28.117,28.117,28.168,28.186,28.151,28.117,28.065,27.997,27.98,27.997,28.031,28.048,28.065,28.065,28.031,28.031,27.997,27.98,27.962,27.962,27.98,27.98,27.997,27.997,27.98,27.997,27.997,27.98,27.928,27.945,27.962,27.962,27.98,27.962,28.014,28.031,27.997,27.997,27.962,27.945,27.945,27.962,27.997,27.962,27.962,27.962,27.98,27.962,27.962,27.911,27.911,27.945,27.911,27.876,27.928,27.911,27.928,27.825,27.825,27.773,27.825,27.808,27.842,27.842,27.842,27.859,27.842,27.825,27.825,27.808,27.808,27.79,27.825,27.842,27.876,27.894,27.894,27.911,27.876,27.911,27.876,27.876,27.894,27.962,27.997,28.031,28.168,28.186,28.237,28.323,28.408,28.443,28.426,28.46,28.477,28.443,28.408,28.254,28.1,28.048,28.031,28.014,28.048,28.1,28.065,28.083,28.1,28.065,28.083,28.065,28.083,28.083,28.048,28.117,28.1,28.1,28.151,28.168,28.22,28.237,28.271,28.323,28.374,28.408,28.46,28.494,28.511,28.562,28.58,28.614,28.665,28.716,28.648,28.648,28.733,28.767,28.801,28.801,28.972,29.193,29.363,29.499,29.668,29.871,30.006,30.04,29.972,29.972,29.972,30.006,30.04,30.057,29.972,29.837,29.77,29.668,29.617,29.499,29.482,29.346,29.176,29.125,29.04,28.921,28.87,28.87,28.87,28.853,28.87,28.904,28.87,28.938,29.006,29.074,29.125,29.108,29.142,29.142,29.159,29.176,29.193
,31.014,30.997,30.41,30.36,30.292,30.191,30.343,30.662,30.813,30.88,30.997,31.014,31.014,31.014,31.064,31.131,31.197,31.247,31.147,31.097,30.896,30.83,30.679,30.41,30.276,30.006,29.6,29.482,29.363,29.278,29.159,29.091,29.006,28.938,28.887,28.836,28.784,28.75,28.716,28.699,28.699,28.665,28.631,28.597,28.614,28.631,28.631,28.614,28.597,28.58,28.58,28.597,28.58,28.562,28.545,28.528,28.46,28.426,28.357,28.408,28.391,28.408,28.665,28.938,29.006,28.989,28.955,28.921,28.853,28.784,28.716,28.682,28.665,28.562,28.408,28.34,28.323,28.306,28.271,28.237,28.22,28.186,28.203,28.186,28.203,28.168,28.151,28.151,28.168,28.186,28.186,28.168,28.151,28.134,28.117,28.1,28.083,28.065,28.065,28.1,28.083,28.117,28.134,28.134,28.134,28.168,28.134,28.168,28.168,28.134,28.134,28.117,28.186,28.22,28.151,28.117,28.1,28.134,28.168,28.203,28.186,28.203,28.186,28.186,28.186,28.168,28.134,28.1,28.083,28.065,28.065,28.065,28.065,28.048,28.048,28.065,28.083,28.083,28.083,28.117,28.134,28.168,28.186,28.134,28.1,28.048,27.98,27.98,28.014,28.031,28.065,28.065,28.031,27.997,27.997,27.997,27.962,27.945,27.945,27.962,27.962,27.98,27.997,27.98,27.962,28.031,27.962,27.945,27.945,27.945,27.98,27.997,27.997,28.065,28.031,28.031,27.962,27.962,27.945,27.962,27.928,27.98,27.945,27.928,27.962,27.962,27.962,27.945,27.928,27.894,27.894,27.894,27.859,27.894,27.911,27.876,27.859,27.842,27.808,27.79,27.79,27.808,27.842,27.842,27.825,27.825,27.825,27.808,27.79,27.756,27.79,27.756,27.79,27.842,27.859,27.859,27.894,27.808,27.825,27.825,27.773,27.808,27.808,27.894,27.997,28.134,28.048,28.117,28.22,28.374,28.443,28.443,28.443,28.46,28.46,28.426,28.289,28.134,28.048,28.048,28.031,28.014,28.031,28.048,28.048,28.065,28.048,28.083,28.083,28.048,28.048,28.048,28.083,28.1,28.1,28.134,28.151,28.186,28.186,28.271,28.357,28.391,28.443,28.46,28.477,28.511,28.58,28.614,28.614,28.648,28.682,28.699,28.716,28.716,28.75,28.784,28.819,28.904,29.074,29.329,29.465,29.566,29.803,29.938,30.006,29.955,29.837,29.905,29.938,29.905,29.871,29.803,29.702,29.634,29.6,29.583,29.465,29.448,29.278,29.091,29.074,29.023,28.921,28.87,28.87,28.87,28.853,28.853,28.853,28.819,28.921,28.989,29.006,29.057,29.074,29.108,29.125,29.091,29.142,29.142
,30.88,30.896,30.628,30.544,30.461,30.393,30.444,30.662,30.813,30.88,30.98,30.997,31.014,31.014,31.064,31.147,31.181,31.197,31.197,31.214,30.93,30.846,30.628,30.343,30.124,29.888,29.651,29.566,29.312,29.278,29.227,29.142,29.006,28.921,28.887,28.853,28.801,28.75,28.699,28.699,28.665,28.665,28.631,28.597,28.58,28.597,28.597,28.597,28.597,28.597,28.597,28.58,28.562,28.545,28.511,28.494,28.46,28.426,28.357,28.391,28.391,28.323,28.733,28.887,28.938,28.904,28.955,28.904,28.836,28.784,28.733,28.699,28.682,28.58,28.408,28.34,28.306,28.306,28.289,28.271,28.254,28.186,28.168,28.168,28.186,28.151,28.134,28.186,28.186,28.168,28.168,28.186,28.168,28.168,28.151,28.117,28.1,28.083,28.065,28.083,28.083,28.117,28.134,28.168,28.203,28.22,28.186,28.168,28.168,28.151,28.134,28.134,28.134,28.134,28.168,28.134,28.117,28.151,28.168,28.168,28.186,28.186,28.186,28.203,28.186,28.168,28.134,28.117,28.083,28.083,28.065,28.083,28.065,28.065,28.065,28.065,28.083,28.083,28.065,28.083,28.1,28.134,28.134,28.083,28.048,28.031,27.997,27.997,28.014,28.048,28.065,28.048,28.014,27.997,27.962,27.962,27.945,27.928,27.928,27.945,27.945,27.962,27.997,27.98,27.945,27.98,27.962,27.945,27.945,27.962,27.962,27.962,28.031,28.031,27.997,27.962,27.98,27.962,27.928,27.962,27.911,27.928,27.911,27.928,27.945,27.945,27.945,27.945,27.945,27.894,27.894,27.894,27.859,27.876,27.911,27.859,27.894,27.894,27.859,27.859,27.825,27.842,27.842,27.842,27.859,27.842,27.825,27.825,27.825,27.773,27.739,27.773,27.756,27.842,27.842,27.842,27.842,27.808,27.773,27.739,27.721,27.739,27.773,27.79,27.945,27.997,28.014,28.1,28.1,28.22,28.391,28.443,28.426,28.46,28.511,28.408,28.323,28.168,28.031,27.997,27.997,28.014,28.014,28.048,28.048,28.065,28.065,28.031,28.048,28.048,28.031,28.048,28.083,28.1,28.117,28.134,28.151,28.168,28.117,28.237,28.374,28.426,28.408,28.426,28.443,28.477,28.528,28.597,28.631,28.648,28.682,28.699,28.716,28.648,28.75,28.801,28.784,28.972,29.193,29.278,29.346,29.566,29.854,29.938,29.922,29.854,29.736,29.753,29.736,29.651,29.651,29.702,29.651,29.549,29.549,29.533,29.465,29.431,29.261,29.057,29.057,28.972,28.87,28.836,28.836,28.836,28.836,28.87,28.87,28.87,28.904,28.938,29.006,29.023,28.989,29.023,29.023,29.142,29.091,29.074
,30.93,30.729,30.662,30.578,30.578,30.595,30.595,30.695,30.863,30.913,30.963,30.997,31.014,31.03,31.131,31.197,31.164,31.231,31.247,31.231,30.947,30.779,30.679,30.427,30.225,29.955,29.465,29.38,29.295,29.21,29.193,29.108,29.023,28.938,28.87,28.836,28.784,28.733,28.699,28.682,28.648,28.648,28.648,28.58,28.562,28.562,28.562,28.58,28.58,28.562,28.562,28.562,28.528,28.528,28.494,28.426,28.426,28.391,28.306,28.34,28.408,28.443,28.631,28.836,28.921,28.887,28.87,28.853,28.801,28.767,28.733,28.716,28.699,28.614,28.408,28.306,28.289,28.306,28.289,28.289,28.271,28.186,28.168,28.151,28.151,28.168,28.168,28.203,28.168,28.168,28.22,28.203,28.186,28.168,28.168,28.168,28.151,28.1,28.083,28.117,28.117,28.151,28.168,28.168,28.168,28.22,28.22,28.186,28.186,28.186,28.203,28.203,28.186,28.168,28.151,28.134,28.134,28.151,28.168,28.186,28.186,28.186,28.203,28.186,28.186,28.186,28.151,28.117,28.1,28.083,28.083,28.083,28.1,28.1,28.117,28.1,28.065,28.065,28.065,28.048,28.083,28.117,28.1,28.065,28.048,28.031,27.997,27.997,28.031,28.065,28.065,28.048,28.014,27.962,27.962,27.945,27.945,27.962,27.962,27.945,27.945,27.962,27.98,27.98,27.945,27.98,27.98,27.98,27.945,27.98,27.945,27.962,27.997,27.997,28.014,27.945,27.945,27.962,27.911,27.945,27.928,27.928,27.911,27.911,27.911,27.911,27.928,27.911,27.928,27.894,27.876,27.876,27.859,27.859,27.894,27.842,27.894,27.876,27.859,27.894,27.859,27.859,27.859,27.876,27.876,27.859,27.842,27.842,27.842,27.808,27.825,27.79,27.842,27.894,27.894,27.876,27.842,27.79,27.756,27.67,27.721,27.739,27.756,27.894,27.945,28.048,28.151,28.117,28.271,28.391,28.426,28.46,28.477,28.477,28.443,28.391,28.271,28.117,28.014,27.98,27.962,27.997,27.997,28.014,28.048,28.048,28.031,28.031,28.031,28.014,28.014,27.997,28.065,28.065,28.1,28.151,28.134,28.151,28.151,28.186,28.271,28.323,28.357,28.408,28.443,28.443,28.494,28.58,28.631,28.682,28.733,28.733,28.75,28.75,28.733,28.784,28.887,28.989,29.142,29.244,29.295,29.617,29.905,29.888,29.888,29.736,29.566,29.583,29.516,29.516,29.583,29.617,29.566,29.516,29.516,29.499,29.431,29.414,29.295,29.074,29.057,28.938,28.853,28.836,28.819,28.801,28.836,28.87,28.853,28.921,28.938,28.955,28.972,28.972,28.989,28.972,28.989,29.125,29.023,29.023
,30.913,30.88,30.83,30.779,30.712,30.679,30.712,30.796,30.88,30.93,30.963,30.997,31.014,31.03,31.131,31.231,31.197,31.247,31.264,31.231,31.064,30.83,30.662,30.477,30.276,29.955,29.516,29.397,29.312,29.278,29.159,29.091,29.023,28.938,28.87,28.801,28.767,28.75,28.682,28.665,28.665,28.648,28.648,28.58,28.562,28.545,28.528,28.545,28.545,28.511,28.528,28.511,28.494,28.528,28.494,28.443,28.408,28.374,28.237,28.271,28.357,28.477,28.784,28.921,28.921,28.887,28.87,28.87,28.819,28.75,28.716,28.699,28.699,28.597,28.374,28.323,28.306,28.306,28.289,28.271,28.237,28.203,28.186,28.168,28.168,28.168,28.186,28.203,28.203,28.186,28.22,28.186,28.203,28.186,28.186,28.151,28.134,28.151,28.134,28.117,28.151,28.168,28.151,28.151,28.168,28.203,28.203,28.22,28.186,28.168,28.203,28.186,28.168,28.168,28.151,28.168,28.151,28.151,28.151,28.168,28.186,28.168,28.168,28.186,28.186,28.186,28.168,28.117,28.083,28.083,28.1,28.1,28.117,28.134,28.151,28.117,28.083,28.065,28.083,28.065,28.083,28.083,28.083,28.065,28.048,28.031,28.014,28.031,28.048,28.065,28.065,28.031,27.997,27.962,27.962,27.945,27.962,27.98,27.962,27.98,27.98,27.962,27.98,28.014,27.98,28.014,28.014,28.014,27.98,27.98,27.98,27.98,27.962,27.962,27.98,27.945,27.928,27.945,27.876,27.928,27.911,27.911,27.894,27.876,27.876,27.876,27.911,27.894,27.911,27.894,27.859,27.876,27.859,27.859,27.876,27.842,27.894,27.859,27.859,27.876,27.876,27.842,27.876,27.894,27.859,27.859,27.842,27.859,27.825,27.842,27.842,27.894,27.876,27.876,27.859,27.876,27.859,27.808,27.79,27.704,27.79,27.756,27.825,27.894,28.014,28.186,28.22,28.289,28.391,28.391,28.443,28.528,28.528,28.511,28.46,28.391,28.289,28.186,28.031,27.98,28.014,28.014,28.014,28.031,28.031,28.048,28.048,28.048,28.031,28.014,28.014,28.031,28.014,28.065,28.1,28.134,28.1,28.203,28.168,28.151,28.237,28.306,28.357,28.374,28.408,28.426,28.46,28.562,28.648,28.665,28.733,28.733,28.716,28.75,28.767,28.819,28.887,28.921,29.04,29.159,29.278,29.566,29.871,29.905,29.854,29.786,29.549,29.668,29.516,29.533,29.549,29.549,29.533,29.499,29.482,29.431,29.38,29.312,29.21,29.091,29.074,28.938,28.87,28.836,28.819,28.784,28.767,28.784,28.733,28.75,28.836,28.955,29.04,29.023,28.989,29.006,29.006,28.972,29.074,29.023
,30.88,30.947,30.913,30.846,30.763,30.712,30.746,30.846,30.88,30.913,30.963,31.064,31.03,31.014,31.114,31.247,31.264,31.264,31.297,31.214,30.997,30.746,30.595,30.36,30.175,29.989,29.499,29.312,29.261,29.227,29.159,29.125,29.023,28.972,28.887,28.801,28.75,28.716,28.682,28.665,28.648,28.648,28.614,28.597,28.597,28.545,28.528,28.511,28.511,28.477,28.477,28.494,28.46,28.46,28.46,28.408,28.391,28.34,28.254,28.289,28.323,28.426,28.699,28.853,28.887,28.904,28.853,28.87,28.819,28.75,28.75,28.733,28.682,28.562,28.408,28.374,28.323,28.306,28.289,28.289,28.237,28.22,28.186,28.203,28.203,28.186,28.22,28.203,28.22,28.186,28.22,28.186,28.168,28.186,28.203,28.168,28.151,28.151,28.134,28.168,28.168,28.151,28.168,28.168,28.168,28.168,28.186,28.203,28.168,28.168,28.168,28.151,28.168,28.186,28.186,28.186,28.186,28.151,28.168,28.168,28.168,28.151,28.168,28.186,28.186,28.186,28.168,28.134,28.1,28.083,28.083,28.083,28.117,28.134,28.134,28.134,28.134,28.1,28.1,28.083,28.083,28.083,28.083,28.065,28.048,28.048,28.048,28.048,28.048,28.048,28.048,28.031,27.997,27.997,27.98,27.945,27.997,27.962,27.98,28.014,28.014,28.014,28.031,28.031,28.014,28.031,28.014,28.014,27.997,27.98,27.98,27.962,27.945,27.98,27.98,27.945,27.962,27.928,27.894,27.945,27.945,27.928,27.876,27.859,27.876,27.876,27.894,27.894,27.894,27.894,27.894,27.876,27.859,27.842,27.842,27.842,27.859,27.876,27.842,27.876,27.859,27.842,27.876,27.876,27.859,27.876,27.859,27.842,27.825,27.859,27.842,27.894,27.859,27.859,27.825,27.842,27.825,27.808,27.79,27.756,27.773,27.808,27.894,27.962,28.014,28.1,28.168,28.271,28.289,28.391,28.408,28.477,28.511,28.562,28.528,28.374,28.186,28.083,28.014,27.997,28.014,28.031,28.048,28.048,28.048,28.048,28.048,28.048,28.031,28.014,28.048,28.065,28.031,28.065,28.083,28.1,28.151,28.237,28.186,28.203,28.271,28.254,28.254,28.289,28.357,28.408,28.46,28.528,28.648,28.682,28.699,28.733,28.733,28.75,28.767,28.819,28.853,28.955,29.074,29.227,29.312,29.617,29.938,29.938,29.854,29.82,29.617,29.6,29.549,29.549,29.465,29.516,29.533,29.499,29.448,29.414,29.346,29.227,29.125,29.023,29.04,28.955,28.904,28.836,28.801,28.75,28.716,28.75,28.716,28.784,28.87,28.955,29.023,28.972,28.921,28.972,28.938,28.989,29.006,29.006
,30.963,30.98,30.913,30.896,30.863,30.83,30.846,30.896,30.93,30.947,30.98,31.08,31.047,30.997,31.064,31.231,31.281,31.231,31.264,31.147,31.03,30.729,30.528,30.376,30.158,29.938,29.499,29.431,29.278,29.244,29.159,29.057,28.989,28.938,28.87,28.767,28.716,28.733,28.699,28.665,28.631,28.648,28.648,28.597,28.597,28.562,28.528,28.511,28.477,28.477,28.494,28.477,28.477,28.46,28.426,28.443,28.426,28.323,28.254,28.271,28.323,28.443,28.716,28.87,28.87,28.887,28.87,28.853,28.819,28.767,28.819,28.887,28.784,28.58,28.426,28.374,28.357,28.323,28.306,28.271,28.271,28.22,28.203,28.203,28.22,28.237,28.237,28.237,28.22,28.186,28.186,28.186,28.168,28.203,28.186,28.168,28.186,28.186,28.186,28.186,28.168,28.168,28.134,28.151,28.134,28.151,28.151,28.134,28.151,28.151,28.168,28.186,28.186,28.186,28.203,28.186,28.203,28.186,28.186,28.186,28.168,28.168,28.186,28.203,28.203,28.168,28.151,28.134,28.1,28.083,28.083,28.1,28.117,28.151,28.134,28.151,28.151,28.151,28.117,28.1,28.083,28.083,28.1,28.083,28.065,28.065,28.065,28.065,28.065,28.065,28.065,28.065,28.048,28.048,28.014,27.962,27.997,27.962,28.014,28.031,28.048,28.048,28.048,28.065,28.031,28.083,28.048,28.031,28.014,27.98,27.98,27.962,27.98,27.997,27.997,27.98,27.962,27.962,27.98,27.962,27.962,27.928,27.911,27.894,27.876,27.894,27.928,27.876,27.876,27.876,27.876,27.894,27.876,27.859,27.842,27.859,27.842,27.859,27.825,27.859,27.859,27.859,27.859,27.859,27.859,27.876,27.842,27.825,27.825,27.842,27.842,27.842,27.859,27.842,27.808,27.825,27.808,27.808,27.79,27.825,27.756,27.859,27.911,27.997,28.014,28.048,28.117,28.186,28.237,28.391,28.46,28.46,28.46,28.562,28.528,28.408,28.22,28.065,28.014,27.997,28.031,28.065,28.065,28.065,28.065,28.065,28.065,28.048,28.014,27.997,28.048,28.031,28.048,28.065,28.065,28.1,28.168,28.254,28.186,28.271,28.237,28.151,28.186,28.254,28.289,28.374,28.46,28.528,28.614,28.665,28.682,28.75,28.733,28.733,28.75,28.819,28.87,28.904,29.006,29.142,29.312,29.651,29.922,29.938,29.837,29.668,29.77,29.753,29.77,29.803,29.736,29.668,29.583,29.499,29.465,29.431,29.363,29.261,29.125,29.04,29.006,28.955,28.87,28.801,28.733,28.682,28.699,28.716,28.716,28.767,28.819,28.921,28.989,29.006,29.023,29.023,28.955,28.921,28.921,29.04
,30.947,30.963,30.947,30.93,30.913,30.93,30.947,30.93,30.997,31.014,31.014,31.014,30.98,30.963,30.98,31.097,31.281,31.147,31.164,31.164,30.93,30.88,30.712,30.393,30.107,29.837,29.549,29.346,29.244,29.227,29.159,29.04,28.955,28.887,28.836,28.784,28.733,28.733,28.699,28.665,28.665,28.648,28.665,28.648,28.631,28.58,28.545,28.528,28.511,28.494,28.511,28.494,28.477,28.477,28.426,28.443,28.391,28.34,28.22,28.22,28.357,28.511,28.767,28.887,28.887,28.887,28.853,28.784,28.784,28.784,28.801,28.887,28.836,28.58,28.426,28.34,28.357,28.323,28.306,28.254,28.254,28.22,28.22,28.237,28.254,28.271,28.271,28.254,28.254,28.22,28.186,28.186,28.168,28.203,28.203,28.186,28.203,28.186,28.168,28.151,28.151,28.134,28.117,28.134,28.134,28.151,28.151,28.134,28.151,28.151,28.151,28.186,28.203,28.203,28.22,28.22,28.186,28.168,28.168,28.168,28.168,28.186,28.186,28.203,28.203,28.168,28.151,28.134,28.1,28.083,28.1,28.117,28.134,28.151,28.168,28.168,28.168,28.168,28.134,28.117,28.1,28.1,28.1,28.1,28.083,28.083,28.065,28.065,28.083,28.065,28.065,28.083,28.083,28.083,28.031,28.014,28.014,27.997,28.014,28.048,28.048,28.083,28.065,28.065,28.065,28.065,28.048,28.048,28.031,27.962,27.997,27.98,27.997,28.048,28.014,27.98,27.98,27.98,27.997,27.98,27.98,27.98,27.911,27.928,27.911,27.911,27.911,27.876,27.859,27.876,27.894,27.911,27.911,27.876,27.859,27.859,27.842,27.825,27.842,27.859,27.859,27.859,27.842,27.842,27.842,27.825,27.808,27.825,27.825,27.825,27.808,27.825,27.842,27.808,27.825,27.808,27.808,27.79,27.79,27.808,27.773,27.876,27.945,27.997,28.014,28.065,28.117,28.151,28.237,28.357,28.511,28.528,28.511,28.511,28.528,28.408,28.151,28.048,28.014,28.014,28.031,28.065,28.065,28.083,28.065,28.048,28.048,28.031,28.014,28.014,27.997,28.065,28.065,28.083,28.083,28.117,28.168,28.254,28.186,28.237,28.22,28.203,28.22,28.254,28.306,28.408,28.477,28.511,28.562,28.648,28.699,28.716,28.716,28.716,28.733,28.784,28.801,28.955,29.091,29.159,29.448,29.702,29.837,29.905,29.803,29.651,29.837,29.922,29.82,29.922,29.888,29.786,29.6,29.482,29.448,29.414,29.397,29.329,29.159,29.091,29.023,28.887,28.801,28.767,28.716,28.665,28.682,28.733,28.75,28.819,28.87,28.921,28.972,28.989,28.972,28.972,29.006,29.04,29.057,28.972
,30.896,30.93,30.947,30.963,30.963,30.963,30.963,30.93,31.014,31.03,31.03,31.03,30.997,30.997,30.997,30.997,30.997,31.03,30.963,30.913,30.779,30.679,30.561,30.376,30.158,29.854,29.482,29.38,29.227,29.193,29.142,29.057,29.006,28.938,28.853,28.801,28.733,28.716,28.682,28.648,28.648,28.648,28.682,28.665,28.648,28.614,28.58,28.562,28.528,28.528,28.528,28.528,28.511,28.477,28.477,28.426,28.426,28.22,28.254,28.271,28.357,28.494,28.75,28.887,28.921,28.904,28.819,28.767,28.75,28.716,28.733,28.801,28.819,28.631,28.408,28.306,28.306,28.306,28.323,28.271,28.237,28.22,28.22,28.271,28.271,28.289,28.289,28.271,28.254,28.237,28.203,28.203,28.151,28.168,28.186,28.186,28.203,28.203,28.186,28.168,28.134,28.134,28.134,28.134,28.151,28.151,28.168,28.151,28.151,28.168,28.186,28.203,28.22,28.237,28.237,28.237,28.237,28.203,28.168,28.168,28.186,28.203,28.22,28.22,28.22,28.203,28.151,28.134,28.117,28.1,28.117,28.117,28.134,28.151,28.168,28.186,28.168,28.168,28.134,28.134,28.117,28.117,28.117,28.117,28.1,28.083,28.065,28.065,28.031,28.031,28.083,28.083,28.083,28.117,28.083,28.048,28.031,28.014,27.997,28.031,28.048,28.083,28.083,28.083,28.065,28.065,28.048,28.048,28.031,27.98,28.014,28.014,28.031,28.065,28.014,27.997,27.98,27.962,27.98,27.997,27.997,28.014,27.945,27.945,27.945,27.945,27.928,27.894,27.859,27.876,27.894,27.911,27.945,27.911,27.876,27.859,27.825,27.842,27.842,27.842,27.876,27.859,27.859,27.859,27.842,27.825,27.808,27.842,27.825,27.808,27.79,27.808,27.859,27.825,27.825,27.808,27.808,27.773,27.739,27.739,27.808,27.79,27.876,27.894,28.014,28.1,28.134,28.203,28.254,28.34,28.477,28.46,28.511,28.511,28.46,28.34,28.151,28.048,28.048,28.014,28.031,28.048,28.048,28.065,28.065,28.065,28.065,28.048,28.048,28.048,28.031,28.048,28.048,28.083,28.083,28.083,28.151,28.237,28.254,28.203,28.186,28.237,28.254,28.254,28.34,28.46,28.477,28.511,28.597,28.648,28.699,28.716,28.699,28.716,28.699,28.767,28.819,28.921,29.193,29.38,29.566,29.719,29.854,29.854,29.803,29.854,29.871,29.888,29.989,29.938,29.922,29.837,29.617,29.465,29.414,29.431,29.431,29.312,29.21,29.091,29.04,28.87,28.801,28.75,28.716,28.699,28.716,28.767,28.836,28.853,28.921,28.989,29.023,29.04,29.04,29.006,29.023,29.057,28.938,28.989
,30.846,30.88,30.913,30.947,30.947,30.947,30.963,30.98,31.03,31.03,31.047,31.03,31.03,30.98,30.93,30.947,30.863,30.896,30.88,30.863,30.746,30.729,30.645,30.309,29.989,29.77,29.499,29.414,29.261,29.21,29.125,29.057,29.023,28.972,28.887,28.801,28.75,28.716,28.648,28.682,28.648,28.682,28.682,28.648,28.665,28.648,28.614,28.597,28.562,28.528,28.528,28.511,28.494,28.494,28.443,28.426,28.34,28.289,28.254,28.254,28.323,28.528,28.836,28.955,28.938,28.887,28.836,28.784,28.733,28.682,28.665,28.75,28.819,28.699,28.34,28.271,28.289,28.306,28.289,28.289,28.254,28.237,28.237,28.254,28.254,28.271,28.271,28.271,28.271,28.254,28.254,28.22,28.186,28.168,28.186,28.186,28.22,28.22,28.203,28.168,28.168,28.134,28.117,28.151,28.168,28.134,28.151,28.151,28.168,28.203,28.203,28.22,28.237,28.237,28.237,28.237,28.254,28.237,28.186,28.203,28.22,28.237,28.237,28.237,28.22,28.22,28.168,28.134,28.134,28.117,28.117,28.134,28.151,28.168,28.168,28.168,28.168,28.168,28.168,28.168,28.151,28.151,28.134,28.117,28.117,28.1,28.065,28.065,28.014,28.031,28.083,28.1,28.1,28.134,28.134,28.065,28.048,28.048,28.031,28.031,28.048,28.065,28.1,28.1,28.065,28.083,28.083,28.065,28.048,28.048,28.031,28.031,28.031,28.065,28.031,28.048,27.98,27.98,27.98,27.98,27.997,27.997,27.962,27.962,27.962,27.962,27.928,27.911,27.894,27.876,27.911,27.928,27.945,27.962,27.928,27.894,27.842,27.859,27.859,27.859,27.876,27.859,27.876,27.859,27.842,27.842,27.825,27.825,27.808,27.842,27.825,27.825,27.859,27.859,27.842,27.842,27.808,27.756,27.756,27.739,27.808,27.739,27.876,27.928,28.048,28.151,28.186,28.203,28.289,28.46,28.443,28.494,28.477,28.511,28.477,28.289,28.117,27.997,27.997,27.997,27.997,28.014,28.048,28.065,28.065,28.065,28.048,28.031,28.031,28.031,28.014,28.031,28.048,28.065,28.083,28.1,28.151,28.151,28.186,28.237,28.203,28.203,28.289,28.289,28.374,28.477,28.511,28.562,28.648,28.682,28.699,28.699,28.716,28.699,28.699,28.733,28.836,28.853,29.091,29.583,29.583,29.668,29.803,29.82,29.803,29.837,29.888,29.905,29.972,29.955,29.871,29.82,29.634,29.533,29.499,29.482,29.448,29.38,29.278,29.159,29.074,28.972,28.887,28.784,28.75,28.733,28.767,28.87,28.921,28.938,28.955,29.057,29.04,29.023,29.023,29.006,28.989,28.972,28.972,28.955
,30.695,30.763,30.813,30.846,30.88,30.896,30.947,31.014,31.03,31.03,31.047,31.047,31.047,31.03,30.997,30.963,30.913,30.863,30.896,30.846,30.779,30.746,30.612,30.326,29.972,29.786,29.617,29.397,29.278,29.176,29.108,29.057,29.006,28.955,28.904,28.836,28.767,28.682,28.648,28.682,28.614,28.682,28.665,28.665,28.682,28.665,28.614,28.58,28.545,28.545,28.528,28.494,28.494,28.46,28.443,28.443,28.46,28.271,28.22,28.254,28.34,28.528,28.801,28.989,28.989,28.972,28.938,28.887,28.801,28.699,28.631,28.716,28.819,28.716,28.306,28.254,28.254,28.289,28.289,28.323,28.289,28.254,28.22,28.237,28.271,28.271,28.271,28.271,28.289,28.254,28.289,28.22,28.203,28.186,28.203,28.254,28.254,28.237,28.22,28.203,28.168,28.203,28.168,28.168,28.186,28.186,28.186,28.186,28.203,28.22,28.22,28.22,28.237,28.271,28.271,28.254,28.237,28.22,28.22,28.237,28.254,28.254,28.254,28.254,28.254,28.22,28.186,28.168,28.134,28.117,28.134,28.134,28.151,28.151,28.168,28.168,28.168,28.168,28.168,28.186,28.168,28.151,28.134,28.151,28.117,28.117,28.1,28.083,28.048,28.065,28.083,28.1,28.083,28.134,28.117,28.083,28.048,28.065,28.048,28.048,28.083,28.083,28.117,28.1,28.048,28.048,28.1,28.1,28.083,28.1,28.083,28.048,28.065,28.048,28.083,28.048,27.997,28.031,27.962,27.997,27.98,27.98,27.962,27.997,27.962,27.945,27.928,27.911,27.894,27.911,27.928,27.945,27.962,27.962,27.98,27.945,27.859,27.859,27.842,27.876,27.911,27.911,27.894,27.876,27.842,27.842,27.825,27.808,27.808,27.842,27.876,27.876,27.894,27.876,27.876,27.859,27.842,27.808,27.773,27.773,27.773,27.79,27.894,27.894,27.997,28.203,28.151,28.151,28.254,28.357,28.443,28.511,28.494,28.511,28.545,28.271,28.065,28.031,27.98,27.98,27.997,28.031,28.031,28.065,28.083,28.065,28.065,28.065,28.048,28.048,28.048,28.031,28.065,28.083,28.117,28.117,28.151,28.151,28.168,28.254,28.203,28.271,28.289,28.374,28.426,28.443,28.528,28.614,28.665,28.699,28.699,28.699,28.733,28.716,28.733,28.784,28.87,28.989,29.193,29.465,29.516,29.753,29.871,29.854,29.837,29.837,29.888,29.938,29.888,29.938,29.955,29.786,29.736,29.583,29.482,29.431,29.38,29.329,29.261,29.091,29.074,29.04,28.938,28.853,28.836,28.819,28.853,28.972,29.006,29.023,29.023,29.159,29.108,29.074,29.023,28.989,28.972,28.972,28.938,28.955
,30.595,30.628,30.679,30.763,30.813,30.813,30.88,30.98,30.997,31.014,31.03,31.064,31.08,31.097,31.097,31.03,30.997,30.947,30.896,30.846,30.796,30.712,30.595,30.41,30.158,29.989,29.668,29.499,29.312,29.159,29.108,29.057,29.006,28.955,28.887,28.836,28.75,28.682,28.665,28.665,28.58,28.665,28.648,28.665,28.665,28.631,28.614,28.58,28.545,28.528,28.528,28.494,28.477,28.46,28.408,28.443,28.374,28.289,28.254,28.306,28.391,28.665,28.853,29.006,29.04,29.023,28.989,28.938,28.87,28.784,28.767,28.819,28.819,28.665,28.306,28.237,28.237,28.271,28.271,28.323,28.306,28.271,28.254,28.254,28.271,28.254,28.271,28.271,28.271,28.271,28.271,28.22,28.22,28.203,28.186,28.203,28.22,28.237,28.22,28.203,28.168,28.151,28.186,28.186,28.203,28.22,28.22,28.237,28.254,28.271,28.271,28.254,28.254,28.271,28.289,28.271,28.254,28.271,28.254,28.271,28.271,28.271,28.271,28.271,28.271,28.254,28.237,28.186,28.168,28.168,28.151,28.151,28.151,28.151,28.151,28.186,28.168,28.168,28.203,28.237,28.203,28.151,28.151,28.168,28.117,28.151,28.134,28.083,28.065,28.083,28.083,28.083,28.065,28.134,28.117,28.083,28.065,28.065,28.065,28.083,28.117,28.117,28.117,28.083,28.083,28.048,28.117,28.134,28.134,28.168,28.134,28.117,28.083,28.083,28.1,28.065,27.962,28.014,27.98,27.98,27.997,27.98,27.962,27.962,27.962,27.945,27.945,27.928,27.928,27.928,27.928,27.962,27.98,27.962,27.997,27.98,27.911,27.876,27.842,27.911,27.962,27.945,27.911,27.911,27.876,27.842,27.825,27.79,27.825,27.859,27.894,27.894,27.876,27.911,27.894,27.894,27.876,27.825,27.79,27.739,27.739,27.79,27.859,27.876,28.083,28.203,28.186,28.117,28.254,28.391,28.443,28.494,28.494,28.528,28.494,28.426,28.151,27.997,27.945,27.962,27.997,28.031,28.065,28.083,28.083,28.083,28.1,28.083,28.065,28.065,28.065,28.048,28.048,28.065,28.1,28.117,28.168,28.151,28.186,28.254,28.271,28.306,28.34,28.374,28.426,28.443,28.511,28.597,28.665,28.699,28.699,28.716,28.716,28.716,28.767,28.836,28.801,29.091,29.278,29.397,29.533,29.719,29.837,29.803,29.803,29.837,29.837,29.871,29.837,29.871,29.837,29.786,29.685,29.6,29.516,29.448,29.414,29.346,29.193,29.159,29.04,28.989,28.972,28.921,28.955,28.955,28.955,29.006,29.04,29.091,29.176,29.21,29.176,29.125,29.04,28.989,28.972,28.938,28.904,28.904
,30.595,30.595,30.595,30.662,30.729,30.679,30.813,30.846,30.93,30.98,31.014,31.064,31.147,31.197,31.164,31.131,31.08,31.064,30.98,30.896,30.846,30.763,30.578,30.309,30.208,30.09,29.837,29.634,29.448,29.261,29.159,29.074,29.023,28.955,28.904,28.853,28.767,28.699,28.682,28.631,28.631,28.665,28.648,28.631,28.665,28.631,28.597,28.562,28.528,28.511,28.494,28.477,28.477,28.46,28.443,28.408,28.34,28.34,28.306,28.34,28.494,28.733,28.921,28.972,28.989,29.006,28.955,28.904,28.887,28.853,28.87,28.887,28.836,28.528,28.254,28.237,28.254,28.254,28.271,28.306,28.306,28.306,28.289,28.271,28.271,28.254,28.271,28.289,28.306,28.289,28.254,28.22,28.237,28.237,28.22,28.22,28.22,28.22,28.22,28.22,28.22,28.168,28.186,28.22,28.237,28.271,28.254,28.254,28.271,28.289,28.289,28.289,28.289,28.289,28.306,28.306,28.289,28.271,28.289,28.289,28.289,28.289,28.289,28.289,28.254,28.254,28.254,28.22,28.203,28.186,28.151,28.151,28.151,28.168,28.186,28.186,28.168,28.186,28.237,28.254,28.22,28.168,28.186,28.186,28.168,28.203,28.186,28.134,28.117,28.117,28.117,28.083,28.1,28.151,28.151,28.134,28.1,28.1,28.1,28.134,28.151,28.168,28.134,28.065,28.048,28.1,28.1,28.151,28.134,28.151,28.151,28.134,28.117,28.117,28.083,28.048,28.048,28.048,27.98,27.997,27.997,27.98,27.962,27.962,27.98,27.962,27.962,27.962,27.928,27.928,27.928,27.945,27.997,27.98,27.997,27.98,27.962,27.945,27.928,27.962,27.962,27.945,27.911,27.928,27.876,27.842,27.808,27.825,27.825,27.859,27.876,27.876,27.894,27.945,27.876,27.928,27.876,27.825,27.773,27.773,27.773,27.825,27.894,27.911,28.151,28.254,28.254,28.168,28.391,28.443,28.528,28.494,28.511,28.562,28.511,28.34,28.1,28.048,27.962,27.894,27.98,28.048,28.065,28.083,28.1,28.1,28.117,28.083,28.065,28.065,28.048,28.031,28.031,28.083,28.134,28.134,28.168,28.186,28.22,28.254,28.306,28.357,28.391,28.374,28.46,28.494,28.545,28.597,28.648,28.699,28.716,28.699,28.699,28.767,28.801,28.921,28.938,28.989,29.227,29.278,29.465,29.77,29.854,29.854,29.837,29.803,29.753,29.719,29.668,29.803,29.82,29.719,29.634,29.583,29.533,29.499,29.431,29.346,29.261,29.193,29.074,29.04,29.006,28.989,29.023,29.023,29.023,29.04,29.074,29.142,29.21,29.176,29.142,29.074,29.023,28.972,28.904,28.87,28.853,28.819
,30.612,30.595,30.595,30.612,30.645,30.662,30.679,30.779,30.93,31.014,31.014,31.03,31.114,31.197,31.181,31.131,31.147,31.08,31.047,30.963,30.896,30.846,30.695,30.427,30.124,30.057,29.837,29.753,29.583,29.465,29.244,29.108,29.04,29.006,28.955,28.887,28.784,28.716,28.665,28.614,28.614,28.614,28.631,28.631,28.597,28.545,28.528,28.528,28.511,28.494,28.494,28.477,28.477,28.46,28.443,28.408,28.374,28.357,28.323,28.34,28.494,28.665,28.819,28.938,28.989,28.989,28.938,28.887,28.87,28.819,28.819,28.853,28.87,28.46,28.289,28.254,28.271,28.271,28.323,28.289,28.34,28.34,28.306,28.289,28.306,28.289,28.289,28.323,28.289,28.306,28.289,28.271,28.254,28.237,28.237,28.237,28.237,28.254,28.237,28.22,28.203,28.203,28.22,28.254,28.271,28.289,28.306,28.289,28.306,28.323,28.323,28.323,28.323,28.323,28.323,28.323,28.323,28.306,28.306,28.323,28.306,28.306,28.289,28.289,28.271,28.254,28.254,28.237,28.22,28.203,28.168,28.151,28.151,28.168,28.168,28.151,28.151,28.203,28.22,28.22,28.203,28.186,28.203,28.203,28.22,28.22,28.203,28.186,28.168,28.134,28.117,28.117,28.134,28.151,28.186,28.168,28.134,28.083,28.134,28.151,28.186,28.151,28.117,28.083,28.031,28.083,28.117,28.151,28.134,28.151,28.134,28.134,28.134,28.134,28.117,28.083,28.065,28.048,28.014,28.014,28.014,27.98,27.997,27.997,27.98,27.997,27.997,27.962,27.962,27.962,27.945,27.962,27.98,27.98,27.997,27.997,27.98,27.98,27.962,27.98,27.98,27.98,27.945,27.928,27.859,27.842,27.825,27.842,27.842,27.859,27.859,27.876,27.911,27.928,27.911,27.945,27.911,27.876,27.808,27.808,27.79,27.825,27.876,27.945,28.1,28.306,28.357,28.374,28.391,28.443,28.528,28.494,28.545,28.648,28.631,28.511,28.203,28.014,27.945,27.876,27.962,28.065,28.065,28.083,28.117,28.151,28.151,28.134,28.117,28.083,28.048,28.048,28.065,28.117,28.168,28.168,28.168,28.203,28.237,28.271,28.289,28.34,28.408,28.426,28.511,28.562,28.562,28.597,28.648,28.699,28.716,28.733,28.733,28.801,28.819,28.972,28.921,29.04,29.244,29.397,29.566,29.786,29.854,29.871,29.871,29.77,29.685,29.685,29.719,29.736,29.77,29.719,29.702,29.685,29.583,29.465,29.38,29.312,29.261,29.244,29.125,29.074,29.04,29.023,29.023,29.04,29.074,29.108,29.142,29.142,29.142,29.125,29.091,29.023,28.989,28.921,28.853,28.836,28.819,28.801
,30.612,30.612,30.628,30.645,30.645,30.612,30.662,30.712,30.863,30.947,30.997,31.03,31.047,31.131,31.281,31.164,31.147,31.114,31.08,31.014,30.947,30.846,30.662,30.427,30.158,30.09,29.82,29.803,29.719,29.566,29.346,29.227,29.142,29.04,28.989,28.938,28.853,28.784,28.682,28.665,28.648,28.614,28.699,28.699,28.665,28.58,28.545,28.528,28.511,28.494,28.494,28.494,28.494,28.477,28.46,28.443,28.374,28.357,28.34,28.34,28.511,28.682,28.819,28.938,28.989,28.989,28.938,28.887,28.819,28.716,28.716,28.767,28.836,28.443,28.306,28.271,28.271,28.271,28.306,28.34,28.323,28.34,28.323,28.323,28.34,28.323,28.323,28.323,28.306,28.306,28.289,28.254,28.237,28.237,28.254,28.271,28.237,28.237,28.237,28.186,28.168,28.168,28.237,28.289,28.306,28.323,28.306,28.289,28.323,28.357,28.34,28.34,28.34,28.323,28.34,28.357,28.357,28.34,28.34,28.34,28.323,28.306,28.289,28.289,28.289,28.306,28.289,28.271,28.271,28.237,28.186,28.168,28.168,28.168,28.168,28.186,28.186,28.203,28.22,28.22,28.22,28.203,28.237,28.237,28.254,28.237,28.22,28.203,28.186,28.168,28.151,28.168,28.186,28.186,28.203,28.186,28.186,28.168,28.186,28.186,28.186,28.134,28.117,28.083,28.065,28.083,28.117,28.134,28.117,28.134,28.117,28.134,28.168,28.134,28.117,28.1,28.083,28.083,28.031,28.048,28.031,28.014,28.014,27.997,28.014,28.014,28.014,28.014,27.997,27.98,27.962,27.98,27.997,28.014,27.997,27.997,27.997,27.997,28.014,28.014,27.997,27.98,27.945,27.928,27.876,27.876,27.842,27.842,27.859,27.859,27.859,27.894,27.894,27.911,27.945,27.945,27.928,27.894,27.859,27.825,27.79,27.79,27.876,27.962,28.065,28.34,28.391,28.46,28.357,28.477,28.511,28.494,28.562,28.682,28.562,28.494,28.22,28.048,28.134,28.048,27.997,28.083,28.134,28.168,28.151,28.151,28.168,28.151,28.134,28.117,28.083,28.083,28.117,28.117,28.134,28.151,28.168,28.203,28.237,28.289,28.289,28.391,28.391,28.494,28.494,28.562,28.562,28.614,28.665,28.682,28.733,28.733,28.733,28.767,28.836,28.955,28.955,29.108,29.295,29.414,29.549,29.702,29.854,29.888,29.837,29.803,29.854,29.871,29.753,29.955,29.77,29.77,29.702,29.651,29.6,29.6,29.499,29.363,29.312,29.227,29.176,29.108,29.091,29.074,29.091,29.108,29.108,29.108,29.108,29.125,29.125,29.108,29.074,29.006,28.955,28.887,28.819,28.819,28.784,28.801
,30.662,30.662,30.679,30.662,30.595,30.595,30.628,30.796,30.88,30.846,30.846,30.98,31.047,31.014,31.197,31.114,31.114,31.114,31.08,30.997,30.93,30.83,30.662,30.427,30.276,30.04,29.854,29.837,29.736,29.549,29.465,29.414,29.312,29.176,29.074,28.972,28.904,28.836,28.75,28.699,28.631,28.682,28.665,28.648,28.614,28.597,28.562,28.528,28.511,28.494,28.494,28.494,28.477,28.494,28.477,28.443,28.408,28.34,28.34,28.357,28.477,28.682,28.853,28.955,28.972,28.989,28.972,28.887,28.801,28.682,28.665,28.665,28.665,28.477,28.323,28.289,28.289,28.289,28.306,28.323,28.34,28.357,28.34,28.357,28.34,28.357,28.357,28.34,28.323,28.289,28.271,28.254,28.271,28.271,28.254,28.254,28.254,28.289,28.254,28.254,28.271,28.271,28.289,28.306,28.323,28.323,28.323,28.306,28.34,28.374,28.357,28.357,28.357,28.34,28.357,28.374,28.374,28.391,28.391,28.357,28.323,28.323,28.323,28.323,28.306,28.323,28.306,28.289,28.271,28.237,28.186,28.186,28.186,28.186,28.203,28.237,28.237,28.22,28.186,28.203,28.22,28.22,28.254,28.271,28.271,28.271,28.254,28.237,28.237,28.22,28.203,28.186,28.203,28.22,28.22,28.203,28.22,28.186,28.168,28.186,28.168,28.151,28.134,28.083,28.065,28.1,28.117,28.134,28.134,28.117,28.134,28.151,28.151,28.134,28.083,28.083,28.065,28.065,28.048,28.083,28.048,28.048,28.031,28.014,28.048,28.031,28.031,28.048,28.014,28.014,27.98,27.98,28.014,28.048,28.014,28.014,28.014,28.014,28.031,28.014,28.014,27.962,27.928,27.911,27.894,27.894,27.876,27.859,27.859,27.859,27.876,27.894,27.911,27.911,27.928,27.894,27.911,27.894,27.876,27.825,27.825,27.825,27.876,27.928,28.117,28.323,28.323,28.306,28.391,28.477,28.477,28.494,28.597,28.648,28.648,28.357,28.271,28.22,28.031,28.014,28.048,28.014,28.083,28.1,28.134,28.168,28.168,28.151,28.134,28.1,28.083,28.1,28.117,28.117,28.1,28.134,28.134,28.168,28.254,28.271,28.289,28.391,28.477,28.477,28.494,28.528,28.562,28.597,28.631,28.665,28.716,28.767,28.75,28.75,28.853,28.921,28.904,29.057,29.227,29.295,29.465,29.685,29.837,29.888,29.871,29.837,29.837,29.854,29.854,29.854,29.837,29.786,29.753,29.753,29.6,29.499,29.414,29.346,29.278,29.21,29.159,29.125,29.091,29.108,29.074,29.125,29.142,29.108,29.057,29.091,29.091,29.074,29.04,28.972,28.955,28.887,28.853,28.87,28.853,28.819
,30.679,30.712,30.712,30.712,30.679,30.612,30.679,30.763,30.796,30.83,30.947,30.98,30.93,30.98,31.064,31.03,31.114,31.08,31.03,30.963,30.88,30.796,30.662,30.544,30.393,30.057,29.854,29.871,29.719,29.617,29.583,29.499,29.38,29.295,29.159,29.057,29.023,28.904,28.801,28.733,28.699,28.716,28.665,28.665,28.665,28.614,28.562,28.545,28.511,28.494,28.494,28.528,28.494,28.494,28.477,28.46,28.46,28.374,28.357,28.323,28.443,28.699,28.887,28.972,28.989,29.006,29.006,28.904,28.801,28.716,28.699,28.682,28.614,28.46,28.357,28.289,28.271,28.289,28.323,28.34,28.34,28.374,28.34,28.357,28.357,28.357,28.374,28.357,28.34,28.306,28.271,28.254,28.271,28.271,28.271,28.254,28.271,28.289,28.289,28.271,28.289,28.271,28.271,28.289,28.323,28.34,28.374,28.374,28.357,28.374,28.374,28.357,28.357,28.374,28.374,28.374,28.391,28.408,28.408,28.374,28.34,28.34,28.357,28.34,28.34,28.34,28.323,28.306,28.289,28.254,28.22,28.186,28.203,28.22,28.22,28.237,28.254,28.237,28.203,28.22,28.237,28.254,28.289,28.271,28.289,28.271,28.271,28.254,28.271,28.237,28.237,28.22,28.22,28.22,28.237,28.237,28.254,28.203,28.151,28.186,28.168,28.134,28.117,28.065,28.065,28.1,28.134,28.134,28.151,28.134,28.151,28.151,28.151,28.117,28.117,28.1,28.083,28.065,28.065,28.065,28.031,28.083,28.048,28.031,28.065,28.065,28.048,28.048,28.031,28.014,28.014,27.997,28.014,28.014,28.031,28.031,28.014,28.014,28.014,28.014,28.014,27.98,27.962,27.928,27.911,27.911,27.894,27.876,27.876,27.894,27.911,27.911,27.928,27.928,27.911,27.894,27.911,27.894,27.876,27.842,27.842,27.842,27.859,27.962,28.134,28.117,28.151,28.306,28.34,28.494,28.477,28.494,28.562,28.665,28.562,28.528,28.237,28.065,28.014,28.048,28.031,28.031,28.134,28.168,28.186,28.203,28.186,28.186,28.151,28.134,28.117,28.134,28.134,28.117,28.117,28.134,28.134,28.203,28.237,28.271,28.323,28.408,28.46,28.46,28.528,28.545,28.562,28.597,28.614,28.682,28.767,28.801,28.767,28.784,28.836,28.836,28.819,28.972,29.261,29.346,29.533,29.702,29.854,29.905,29.888,29.854,29.837,29.871,29.871,29.871,29.854,29.803,29.702,29.634,29.668,29.583,29.465,29.38,29.295,29.244,29.193,29.142,29.125,29.142,29.04,29.108,29.159,29.125,29.091,29.074,29.074,29.04,29.023,29.006,28.955,28.921,28.887,28.87,28.853,28.836
,30.679,30.712,30.746,30.779,30.695,30.712,30.729,30.779,30.763,30.83,30.88,30.93,31.014,31.014,31.08,31.03,31.08,31.03,30.997,30.93,30.88,30.813,30.645,30.595,30.376,30.107,29.922,29.922,29.854,29.77,29.702,29.566,29.397,29.312,29.227,29.108,29.04,28.972,28.921,28.767,28.767,28.716,28.699,28.682,28.665,28.631,28.597,28.562,28.528,28.528,28.545,28.528,28.511,28.545,28.494,28.443,28.494,28.426,28.357,28.289,28.443,28.75,28.904,28.955,29.006,29.04,29.006,28.904,28.784,28.75,28.733,28.716,28.631,28.494,28.426,28.34,28.271,28.306,28.34,28.357,28.323,28.357,28.34,28.34,28.34,28.34,28.357,28.34,28.323,28.323,28.289,28.271,28.254,28.271,28.271,28.289,28.289,28.289,28.306,28.306,28.271,28.254,28.289,28.323,28.323,28.34,28.357,28.374,28.391,28.391,28.391,28.391,28.391,28.391,28.374,28.374,28.408,28.408,28.408,28.408,28.391,28.374,28.374,28.374,28.357,28.34,28.34,28.323,28.306,28.271,28.237,28.22,28.237,28.237,28.271,28.289,28.271,28.271,28.254,28.237,28.237,28.271,28.306,28.306,28.289,28.289,28.271,28.271,28.271,28.271,28.254,28.254,28.254,28.237,28.237,28.237,28.22,28.203,28.168,28.186,28.168,28.151,28.117,28.083,28.083,28.1,28.117,28.134,28.151,28.151,28.203,28.186,28.168,28.168,28.134,28.1,28.065,28.083,28.065,28.083,28.065,28.083,28.065,28.065,28.065,28.048,28.048,28.048,28.031,28.031,28.048,28.031,28.048,28.048,28.031,28.014,28.014,27.997,28.014,28.014,27.997,28.014,27.98,27.962,27.945,27.911,27.911,27.911,27.911,27.911,27.945,27.928,27.928,27.945,27.945,27.911,27.911,27.894,27.876,27.842,27.842,27.859,27.911,28.031,28.186,28.151,28.151,28.289,28.408,28.614,28.58,28.562,28.58,28.648,28.545,28.443,28.22,28.117,28.014,28.048,28.065,28.065,28.1,28.1,28.151,28.151,28.134,28.151,28.134,28.134,28.151,28.134,28.117,28.117,28.1,28.1,28.117,28.151,28.254,28.306,28.357,28.443,28.477,28.511,28.545,28.562,28.562,28.614,28.631,28.699,28.767,28.767,28.75,28.784,28.819,28.836,28.853,28.972,29.227,29.38,29.617,29.736,29.854,29.871,29.888,29.871,29.837,29.786,29.837,29.905,29.82,29.854,29.651,29.634,29.549,29.516,29.482,29.414,29.346,29.295,29.21,29.21,29.176,29.193,29.108,29.108,29.159,29.193,29.159,29.091,29.006,29.006,29.006,29.006,28.938,28.938,28.921,28.836,28.819,28.887
,30.712,30.729,30.746,30.746,30.712,30.645,30.679,30.796,30.763,30.813,30.913,30.98,31.014,31.047,31.064,31.014,31.03,30.997,30.98,30.93,30.88,30.779,30.595,30.561,30.36,30.124,30.04,30.006,29.955,29.871,29.77,29.651,29.499,29.397,29.363,29.244,29.193,29.108,29.04,28.904,28.819,28.733,28.733,28.716,28.699,28.648,28.614,28.597,28.562,28.58,28.58,28.545,28.545,28.545,28.46,28.477,28.494,28.426,28.289,28.323,28.494,28.733,28.887,28.955,29.006,29.057,29.04,28.921,28.767,28.699,28.682,28.699,28.665,28.511,28.426,28.374,28.323,28.34,28.357,28.374,28.374,28.34,28.323,28.323,28.323,28.323,28.323,28.34,28.323,28.306,28.306,28.289,28.271,28.289,28.271,28.254,28.289,28.289,28.289,28.323,28.323,28.323,28.323,28.34,28.374,28.374,28.374,28.391,28.408,28.408,28.391,28.408,28.391,28.391,28.391,28.391,28.408,28.408,28.408,28.426,28.426,28.408,28.408,28.391,28.374,28.357,28.34,28.323,28.289,28.271,28.254,28.254,28.289,28.289,28.289,28.306,28.306,28.306,28.289,28.254,28.254,28.271,28.306,28.306,28.306,28.271,28.254,28.271,28.271,28.289,28.271,28.254,28.254,28.271,28.254,28.237,28.203,28.186,28.203,28.168,28.168,28.168,28.134,28.117,28.134,28.134,28.134,28.151,28.203,28.186,28.22,28.203,28.203,28.168,28.117,28.1,28.083,28.083,28.083,28.083,28.083,28.083,28.083,28.083,28.083,28.048,28.048,28.048,28.031,28.048,28.048,28.048,28.065,28.065,28.048,28.031,28.031,28.014,28.014,28.014,28.014,28.031,27.98,27.962,27.945,27.928,27.911,27.928,27.945,27.945,27.945,27.945,27.945,27.945,27.945,27.911,27.911,27.894,27.876,27.876,27.859,27.894,27.962,28.048,28.237,28.306,28.323,28.443,28.494,28.545,28.597,28.648,28.631,28.631,28.597,28.34,28.168,28.1,28.065,28.031,28.048,28.083,28.117,28.168,28.168,28.186,28.168,28.117,28.065,28.1,28.117,28.134,28.134,28.117,28.1,28.1,28.134,28.151,28.22,28.391,28.34,28.391,28.494,28.528,28.58,28.58,28.58,28.614,28.665,28.699,28.716,28.75,28.784,28.801,28.853,28.887,28.955,29.04,29.176,29.414,29.566,29.837,29.871,29.854,29.837,29.82,29.803,29.77,29.77,29.871,29.803,29.786,29.634,29.651,29.6,29.533,29.482,29.448,29.38,29.278,29.21,29.227,29.176,29.193,29.21,29.176,29.176,29.176,29.125,29.04,28.989,28.989,28.955,28.972,28.938,28.938,28.955,28.87,28.801,28.853
,30.729,30.729,30.729,30.729,30.729,30.695,30.763,30.779,30.779,30.813,30.896,30.963,30.98,31.014,31.014,30.997,31.014,30.997,30.963,30.913,30.83,30.712,30.595,30.477,30.343,30.175,30.057,29.989,29.938,29.905,29.803,29.702,29.634,29.465,29.38,29.346,29.312,29.346,29.159,29.108,28.955,28.836,28.767,28.716,28.699,28.682,28.631,28.614,28.597,28.614,28.614,28.597,28.58,28.58,28.511,28.494,28.477,28.408,28.306,28.34,28.477,28.75,28.938,29.006,29.023,29.04,29.057,28.955,28.784,28.699,28.648,28.682,28.75,28.528,28.391,28.357,28.34,28.357,28.391,28.374,28.408,28.357,28.323,28.289,28.289,28.289,28.306,28.323,28.323,28.306,28.271,28.271,28.271,28.254,28.271,28.271,28.271,28.289,28.306,28.323,28.306,28.306,28.306,28.323,28.34,28.34,28.374,28.374,28.374,28.408,28.408,28.408,28.408,28.408,28.426,28.426,28.426,28.426,28.426,28.426,28.426,28.426,28.426,28.408,28.391,28.374,28.34,28.323,28.306,28.306,28.306,28.306,28.323,28.323,28.323,28.323,28.323,28.34,28.323,28.289,28.271,28.289,28.289,28.306,28.289,28.271,28.254,28.271,28.289,28.289,28.289,28.289,28.271,28.289,28.254,28.254,28.237,28.203,28.203,28.168,28.168,28.168,28.168,28.168,28.151,28.151,28.151,28.151,28.203,28.203,28.22,28.22,28.22,28.186,28.168,28.151,28.134,28.134,28.117,28.117,28.117,28.1,28.1,28.1,28.083,28.048,28.048,28.083,28.083,28.083,28.083,28.048,28.048,28.048,28.031,28.031,28.031,28.014,27.997,27.997,27.997,28.014,27.997,27.997,27.98,27.945,27.945,27.945,27.962,27.945,27.945,27.945,27.945,27.928,27.962,27.945,27.894,27.894,27.911,27.894,27.894,27.911,27.962,28.014,28.254,28.374,28.34,28.426,28.443,28.545,28.665,28.614,28.665,28.648,28.648,28.426,28.168,28.065,28.048,28.048,28.065,28.134,28.168,28.22,28.22,28.203,28.151,28.117,28.151,28.186,28.186,28.168,28.168,28.151,28.151,28.134,28.168,28.22,28.34,28.34,28.271,28.443,28.477,28.545,28.562,28.597,28.58,28.614,28.665,28.716,28.716,28.75,28.801,28.836,28.887,28.921,29.006,29.074,29.261,29.431,29.482,29.871,29.938,29.888,29.803,29.77,29.753,29.719,29.702,29.719,29.719,29.685,29.634,29.617,29.6,29.6,29.583,29.499,29.414,29.38,29.329,29.329,29.193,29.21,29.21,29.159,29.125,29.125,29.125,29.074,28.989,29.006,28.938,28.955,28.955,28.955,28.955,28.887,28.801,28.801
,30.729,30.712,30.695,30.679,30.695,30.712,30.746,30.796,30.83,30.88,30.93,30.98,31.047,31.08,31.014,31.047,31.03,31.014,30.997,30.963,30.896,30.763,30.578,30.41,30.259,30.175,30.057,30.006,29.938,29.905,29.837,29.77,29.719,29.617,29.516,29.499,29.312,29.414,29.295,29.261,29.091,28.904,28.853,28.836,28.767,28.733,28.733,28.665,28.665,28.631,28.648,28.614,28.631,28.58,28.58,28.511,28.545,28.408,28.391,28.374,28.443,28.75,28.989,29.04,29.04,29.04,29.04,28.972,28.819,28.733,28.767,28.75,28.767,28.58,28.408,28.374,28.374,28.426,28.408,28.443,28.391,28.357,28.289,28.289,28.237,28.203,28.22,28.254,28.271,28.254,28.22,28.203,28.203,28.22,28.271,28.254,28.237,28.254,28.306,28.289,28.271,28.271,28.254,28.289,28.306,28.306,28.34,28.357,28.357,28.391,28.391,28.408,28.426,28.408,28.408,28.426,28.408,28.391,28.408,28.443,28.426,28.426,28.426,28.408,28.391,28.357,28.323,28.34,28.323,28.323,28.323,28.34,28.34,28.34,28.357,28.357,28.357,28.34,28.323,28.306,28.306,28.306,28.306,28.323,28.306,28.306,28.254,28.289,28.306,28.289,28.306,28.306,28.289,28.271,28.289,28.254,28.237,28.203,28.203,28.203,28.186,28.203,28.186,28.203,28.186,28.186,28.168,28.168,28.168,28.237,28.22,28.254,28.254,28.22,28.22,28.186,28.186,28.151,28.134,28.151,28.186,28.168,28.168,28.134,28.134,28.1,28.134,28.117,28.1,28.117,28.117,28.1,28.065,28.048,28.048,28.048,28.065,28.048,28.031,28.031,28.014,28.031,28.031,28.031,28.031,27.98,27.98,27.962,27.98,27.962,27.962,27.945,27.928,27.945,27.98,27.945,27.928,27.928,27.911,27.894,27.911,27.928,27.997,28.065,28.254,28.323,28.237,28.374,28.477,28.545,28.682,28.614,28.631,28.631,28.58,28.374,28.237,28.083,28.083,28.1,28.117,28.117,28.168,28.186,28.186,28.168,28.151,28.186,28.186,28.186,28.151,28.168,28.168,28.168,28.168,28.203,28.237,28.306,28.357,28.357,28.426,28.46,28.511,28.562,28.562,28.648,28.631,28.665,28.682,28.716,28.75,28.801,28.853,28.887,28.938,28.989,29.04,29.108,29.312,29.397,29.533,29.922,29.938,29.922,29.82,29.77,29.753,29.753,29.702,29.668,29.702,29.668,29.617,29.685,29.617,29.583,29.549,29.499,29.465,29.397,29.329,29.278,29.244,29.193,29.244,29.176,29.091,29.125,29.108,29.023,29.006,28.989,28.938,28.955,28.955,28.938,28.921,28.87,28.836,28.784
,30.695,30.662,30.645,30.695,30.712,30.763,30.779,30.813,30.846,30.88,30.93,30.997,31.047,31.047,31.064,31.064,31.08,31.064,31.064,31.03,30.947,30.796,30.612,30.427,30.225,30.141,30.09,30.073,30.006,29.938,29.888,29.837,29.77,29.719,29.634,29.583,29.516,29.465,29.448,29.261,29.278,29.176,29.074,29.006,28.853,28.75,28.75,28.699,28.682,28.665,28.682,28.665,28.682,28.648,28.665,28.614,28.562,28.443,28.391,28.391,28.426,28.75,29.057,29.074,29.057,29.074,29.04,28.989,28.904,28.904,28.989,28.904,28.801,28.58,28.477,28.408,28.408,28.408,28.408,28.443,28.408,28.34,28.237,28.203,28.117,28.117,28.186,28.22,28.186,28.134,28.1,28.134,28.134,28.117,28.134,28.186,28.168,28.134,28.117,28.168,28.237,28.254,28.22,28.254,28.271,28.289,28.289,28.289,28.34,28.374,28.374,28.374,28.374,28.408,28.408,28.408,28.391,28.374,28.408,28.408,28.391,28.408,28.391,28.374,28.374,28.34,28.323,28.34,28.34,28.34,28.323,28.34,28.357,28.357,28.357,28.357,28.34,28.34,28.323,28.306,28.323,28.306,28.306,28.289,28.289,28.306,28.271,28.323,28.323,28.323,28.323,28.323,28.34,28.323,28.306,28.254,28.254,28.22,28.203,28.254,28.22,28.237,28.237,28.22,28.22,28.237,28.22,28.203,28.203,28.186,28.203,28.289,28.271,28.237,28.271,28.22,28.22,28.203,28.168,28.186,28.22,28.22,28.168,28.168,28.203,28.186,28.22,28.151,28.151,28.134,28.134,28.117,28.083,28.083,28.048,28.083,28.1,28.083,28.083,28.065,28.048,28.065,28.048,28.048,28.031,28.014,27.997,27.98,27.997,27.997,27.98,27.945,27.945,27.945,27.962,27.962,27.962,27.962,27.945,27.911,27.928,27.962,27.997,28.1,28.254,28.271,28.22,28.289,28.374,28.528,28.648,28.58,28.665,28.665,28.631,28.374,28.237,28.083,28.117,28.117,28.134,28.186,28.168,28.168,28.203,28.22,28.22,28.237,28.203,28.151,28.151,28.168,28.186,28.22,28.22,28.237,28.254,28.306,28.374,28.426,28.443,28.426,28.477,28.562,28.58,28.699,28.682,28.699,28.699,28.733,28.819,28.887,28.921,28.955,29.006,29.091,29.142,29.21,29.346,29.448,29.668,29.989,29.955,29.972,29.854,29.803,29.786,29.753,29.736,29.753,29.753,29.702,29.668,29.736,29.685,29.6,29.549,29.516,29.448,29.397,29.346,29.261,29.21,29.21,29.142,29.159,29.176,29.108,29.04,29.04,29.006,28.989,28.989,28.955,28.972,28.955,28.938,28.887,28.836,28.801
,30.612,30.662,30.662,30.645,30.612,30.712,30.763,30.863,30.913,30.93,30.98,31.047,31.064,31.114,31.097,31.147,31.164,31.147,31.131,31.08,30.963,30.846,30.779,30.41,30.225,30.141,30.09,30.04,29.989,29.972,29.938,29.888,29.82,29.753,29.719,29.685,29.651,29.617,29.533,29.431,29.312,29.312,29.312,29.227,29.108,28.972,28.784,28.716,28.733,28.682,28.699,28.716,28.716,28.716,28.716,28.648,28.614,28.545,28.443,28.408,28.443,28.836,29.159,29.142,29.108,29.125,29.074,29.04,29.023,29.074,29.108,29.023,28.819,28.562,28.528,28.477,28.443,28.426,28.426,28.426,28.374,28.323,28.203,28.117,28.083,28.1,28.083,28.083,28.083,28.065,28.048,28.048,28.031,28.031,28.065,28.1,28.1,28.031,28.014,28.031,28.1,28.151,28.134,28.186,28.22,28.237,28.186,28.151,28.237,28.306,28.271,28.237,28.289,28.323,28.289,28.271,28.271,28.306,28.374,28.357,28.289,28.306,28.357,28.323,28.289,28.271,28.289,28.306,28.306,28.289,28.271,28.271,28.306,28.306,28.323,28.323,28.306,28.306,28.306,28.289,28.306,28.306,28.289,28.271,28.271,28.271,28.254,28.34,28.374,28.34,28.323,28.306,28.306,28.289,28.271,28.22,28.237,28.203,28.22,28.237,28.254,28.254,28.271,28.237,28.237,28.254,28.271,28.237,28.237,28.22,28.237,28.254,28.271,28.289,28.289,28.289,28.271,28.237,28.22,28.237,28.254,28.271,28.237,28.254,28.22,28.22,28.254,28.22,28.22,28.168,28.151,28.117,28.117,28.1,28.083,28.117,28.117,28.134,28.117,28.1,28.1,28.1,28.083,28.083,28.048,28.031,28.014,28.014,28.048,28.048,27.997,27.98,27.98,27.98,27.98,27.997,27.997,27.945,27.962,27.945,27.962,27.98,28.031,28.134,28.237,28.289,28.289,28.34,28.477,28.597,28.614,28.682,28.665,28.682,28.648,28.34,28.22,28.151,28.134,28.151,28.151,28.168,28.186,28.168,28.168,28.237,28.203,28.168,28.168,28.186,28.168,28.168,28.203,28.22,28.237,28.254,28.306,28.357,28.357,28.408,28.426,28.443,28.511,28.597,28.631,28.716,28.699,28.699,28.767,28.819,28.87,28.938,28.989,29.023,29.091,29.142,29.21,29.295,29.414,29.549,29.719,30.006,30.073,30.073,29.955,29.854,29.837,29.803,29.803,29.854,29.786,29.736,29.736,29.736,29.719,29.668,29.617,29.533,29.448,29.431,29.38,29.278,29.278,29.244,29.176,29.125,29.074,29.023,29.04,29.04,29.006,29.006,29.057,28.972,28.938,28.921,28.972,28.904,28.836,28.819
,30.612,30.612,30.612,30.612,30.578,30.679,30.813,30.896,31.03,31.097,31.114,31.247,31.381,31.231,31.264,31.247,31.264,31.247,31.214,31.164,31.08,30.98,30.88,30.376,30.259,30.208,30.175,30.107,30.09,30.04,30.023,29.955,29.854,29.803,29.786,29.77,29.668,29.702,29.566,29.533,29.465,29.38,29.346,29.295,29.295,29.176,28.921,28.887,28.784,28.75,28.716,28.75,28.75,28.767,28.733,28.716,28.665,28.614,28.545,28.494,28.545,28.887,29.193,29.159,29.108,29.125,29.108,29.074,29.006,28.972,28.972,29.04,28.87,28.665,28.562,28.477,28.494,28.494,28.443,28.443,28.391,28.254,28.168,28.168,28.134,28.1,28.048,28.083,28.083,28.031,28.031,28.031,28.031,28.048,28.1,28.065,28.048,28.048,27.98,27.962,27.997,28.031,28.083,28.151,28.168,28.168,28.134,28.117,28.168,28.186,28.168,28.186,28.237,28.237,28.237,28.22,28.168,28.22,28.22,28.22,28.203,28.237,28.289,28.237,28.186,28.203,28.22,28.22,28.203,28.151,28.168,28.203,28.203,28.203,28.237,28.254,28.237,28.22,28.237,28.289,28.306,28.289,28.237,28.22,28.254,28.271,28.237,28.271,28.323,28.306,28.289,28.271,28.271,28.271,28.254,28.22,28.203,28.186,28.203,28.22,28.271,28.254,28.254,28.254,28.254,28.22,28.271,28.271,28.203,28.22,28.254,28.237,28.254,28.271,28.306,28.306,28.271,28.237,28.237,28.203,28.237,28.271,28.289,28.306,28.271,28.289,28.254,28.237,28.237,28.186,28.168,28.134,28.134,28.151,28.151,28.168,28.168,28.151,28.168,28.134,28.117,28.117,28.117,28.1,28.083,28.083,28.065,28.031,28.031,28.031,27.997,27.997,27.997,28.014,27.98,27.997,28.014,27.98,27.98,27.98,27.98,27.997,28.065,28.168,28.289,28.34,28.357,28.443,28.528,28.597,28.631,28.682,28.665,28.614,28.631,28.408,28.271,28.203,28.168,28.151,28.134,28.186,28.186,28.203,28.203,28.22,28.237,28.22,28.186,28.168,28.186,28.203,28.22,28.237,28.237,28.289,28.323,28.34,28.34,28.408,28.443,28.443,28.511,28.614,28.716,28.801,28.75,28.784,28.87,28.904,28.955,29.04,29.057,29.125,29.176,29.21,29.329,29.414,29.465,29.533,29.668,30.073,30.158,30.073,29.955,29.854,29.871,29.871,29.871,29.888,29.854,29.837,29.77,29.736,29.668,29.6,29.583,29.533,29.465,29.414,29.363,29.278,29.193,29.125,29.125,29.04,29.057,29.023,29.006,29.023,29.04,29.023,29.04,28.989,28.955,28.938,28.921,28.87,28.836,28.836
,30.494,30.511,30.612,30.595,30.561,30.695,30.963,31.297,31.497,31.58,31.58,31.564,31.73,31.614,31.83,31.83,31.879,32.029,32.078,31.996,31.896,31.763,31.614,31.214,31.03,30.863,30.863,30.763,30.679,30.595,30.528,30.427,30.242,30.057,29.922,29.888,29.803,29.753,29.668,29.634,29.549,29.499,29.448,29.414,29.38,29.346,29.312,29.159,28.989,28.904,28.887,28.784,28.784,28.801,28.784,28.75,28.75,28.682,28.597,28.58,28.716,28.989,29.21,29.193,29.108,29.142,29.159,29.057,28.87,28.836,28.836,28.87,28.853,28.716,28.648,28.58,28.58,28.597,28.528,28.426,28.391,28.289,28.203,28.151,28.168,28.134,28.117,28.1,28.083,28.048,28.048,28.048,28.014,28.065,28.134,28.083,28.014,27.997,27.98,27.962,27.997,28.031,28.1,28.168,28.168,28.151,28.151,28.151,28.168,28.151,28.134,28.168,28.203,28.168,28.203,28.203,28.186,28.151,28.168,28.22,28.203,28.203,28.186,28.168,28.168,28.151,28.117,28.117,28.134,28.117,28.1,28.134,28.134,28.117,28.134,28.151,28.168,28.117,28.134,28.203,28.254,28.22,28.168,28.168,28.203,28.22,28.168,28.203,28.237,28.237,28.22,28.203,28.203,28.22,28.203,28.151,28.168,28.203,28.203,28.186,28.203,28.22,28.203,28.203,28.203,28.203,28.271,28.254,28.186,28.237,28.22,28.22,28.22,28.237,28.254,28.323,28.254,28.203,28.203,28.186,28.203,28.203,28.271,28.271,28.254,28.237,28.254,28.254,28.203,28.186,28.168,28.168,28.151,28.151,28.134,28.168,28.168,28.168,28.151,28.151,28.134,28.117,28.117,28.1,28.1,28.1,28.083,28.048,28.014,28.014,28.014,28.014,28.014,28.014,27.997,28.031,28.065,27.997,28.014,28.014,27.997,28.031,28.1,28.237,28.34,28.374,28.391,28.46,28.545,28.614,28.682,28.699,28.716,28.631,28.614,28.426,28.254,28.203,28.151,28.168,28.168,28.186,28.203,28.22,28.237,28.203,28.22,28.186,28.168,28.151,28.168,28.186,28.22,28.254,28.254,28.271,28.323,28.34,28.374,28.391,28.391,28.494,28.614,28.699,28.716,28.836,28.819,28.836,28.972,29.04,29.091,29.142,29.159,29.21,29.244,29.278,29.363,29.448,29.516,29.549,29.702,30.225,30.225,30.124,29.972,29.888,29.905,29.922,29.905,29.938,29.955,29.938,29.837,29.719,29.668,29.566,29.516,29.448,29.448,29.448,29.397,29.295,29.176,29.142,29.074,29.074,29.074,29.006,29.04,29.057,29.04,29.057,29.074,29.006,28.972,28.955,28.904,28.853,28.836,28.853
,30.427,30.461,30.494,30.511,30.561,30.695,30.963,31.464,31.564,31.514,31.564,31.514,31.647,31.597,32.161,32.689,32.985,33.362,33.608,33.608,33.559,33.477,33.428,33.1,33.067,32.821,32.706,32.557,32.392,32.227,32.029,31.796,31.68,31.647,31.564,31.547,31.63,31.464,31.447,31.364,31.297,31.264,31.197,31.164,31.08,30.98,30.93,30.679,30.578,30.36,30.259,30.208,30.259,30.191,30.107,30.023,29.972,29.905,29.786,29.651,29.702,29.871,29.922,29.854,29.736,29.651,29.786,29.6,29.346,29.244,29.295,29.38,29.312,29.023,29.04,28.887,28.819,28.784,28.767,28.733,28.614,28.443,28.323,28.289,28.254,28.203,28.186,28.186,28.186,28.117,28.065,28.048,28.1,28.151,28.151,28.134,28.151,28.1,28.065,28.083,28.083,28.117,28.151,28.186,28.203,28.186,28.186,28.168,28.186,28.254,28.22,28.186,28.22,28.22,28.22,28.186,28.151,28.151,28.186,28.22,28.186,28.186,28.168,28.134,28.134,28.117,28.1,28.065,28.1,28.134,28.1,28.1,28.1,28.1,28.1,28.117,28.117,28.1,28.083,28.134,28.168,28.151,28.151,28.151,28.151,28.134,28.1,28.117,28.1,28.117,28.1,28.083,28.117,28.151,28.117,28.1,28.168,28.168,28.168,28.083,28.1,28.151,28.168,28.083,28.1,28.151,28.22,28.151,28.065,28.203,28.134,28.168,28.168,28.203,28.186,28.289,28.203,28.168,28.151,28.186,28.134,28.168,28.22,28.271,28.237,28.186,28.186,28.22,28.186,28.168,28.151,28.186,28.134,28.117,28.117,28.134,28.134,28.151,28.117,28.117,28.134,28.1,28.1,28.1,28.083,28.083,28.065,28.031,27.997,27.997,28.031,28.031,28.014,28.014,28.048,28.065,28.117,28.048,28.031,28.048,28.031,28.1,28.168,28.254,28.391,28.374,28.374,28.443,28.494,28.665,28.699,28.682,28.648,28.562,28.58,28.477,28.271,28.168,28.186,28.168,28.186,28.186,28.203,28.168,28.254,28.289,28.186,28.186,28.186,28.186,28.203,28.22,28.22,28.271,28.323,28.357,28.374,28.374,28.374,28.391,28.426,28.494,28.682,28.665,28.801,28.819,28.938,28.989,29.074,29.159,29.193,29.227,29.244,29.278,29.312,29.312,29.346,29.448,29.516,29.651,29.871,30.259,30.276,30.276,30.04,29.955,29.938,29.922,29.938,29.972,30.006,29.938,29.803,29.634,29.6,29.516,29.465,29.448,29.431,29.329,29.278,29.278,29.159,29.074,29.108,29.057,29.057,29.04,28.989,29.006,29.057,29.04,29.04,29.006,28.972,28.904,28.819,28.819,28.836,28.836
,30.36,30.376,30.41,30.461,30.511,30.645,31.03,31.381,31.397,31.447,31.597,31.431,31.514,31.431,32.062,33.035,33.51,33.706,33.869,33.95,33.966,34.048,34.08,33.869,34.048,34.097,33.966,34.129,34.178,33.95,33.067,31.946,31.863,31.597,31.58,31.58,31.597,31.564,31.514,31.447,31.464,31.481,31.497,31.531,31.531,31.531,31.564,31.564,31.514,31.531,31.514,31.464,31.497,31.531,31.447,31.381,31.347,31.314,31.231,31.164,31.131,31.197,31.247,31.214,31.131,31.047,31.214,31.181,31.03,30.896,30.896,30.947,30.83,30.477,30.477,30.276,30.175,30.124,30.09,30.09,29.922,29.533,29.363,29.346,29.312,29.108,28.801,28.682,28.494,28.46,28.46,28.443,28.426,28.426,28.426,28.306,28.254,28.289,28.271,28.22,28.22,28.34,28.426,28.357,28.306,28.34,28.323,28.34,28.34,28.323,28.34,28.306,28.306,28.323,28.34,28.34,28.306,28.306,28.323,28.271,28.254,28.271,28.271,28.22,28.186,28.151,28.151,28.134,28.134,28.151,28.117,28.134,28.134,28.134,28.134,28.151,28.151,28.151,28.151,28.168,28.203,28.168,28.186,28.168,28.117,28.134,28.117,28.083,28.048,28.048,28.065,28.065,28.065,28.083,28.134,28.134,28.1,28.014,28.1,28.1,28.1,28.065,28.117,28.048,28.083,28.065,28.083,28.065,27.997,28.065,28.083,28.1,28.048,28.065,28.151,28.151,27.997,28.048,28.083,28.117,28.048,28.048,28.134,28.186,28.134,28.134,28.117,28.117,28.151,28.151,28.117,28.134,28.117,28.1,28.117,28.1,28.065,28.031,28.014,28.065,28.1,28.065,28.065,28.083,28.048,28.048,28.031,27.997,27.997,27.997,27.997,28.014,28.031,28.065,28.1,28.1,28.117,28.083,28.065,28.065,28.065,28.117,28.186,28.271,28.374,28.374,28.374,28.443,28.528,28.665,28.648,28.682,28.665,28.648,28.648,28.494,28.34,28.134,28.22,28.203,28.151,28.203,28.22,28.237,28.237,28.289,28.237,28.186,28.203,28.186,28.203,28.22,28.271,28.306,28.34,28.357,28.357,28.357,28.426,28.46,28.562,28.614,28.716,28.853,28.904,28.955,29.057,29.057,29.193,29.176,29.159,29.278,29.295,29.312,29.363,29.363,29.397,29.465,29.499,29.617,29.871,30.158,30.276,30.225,30.006,29.989,29.989,29.955,29.972,30.006,29.989,29.888,29.736,29.566,29.533,29.482,29.465,29.38,29.346,29.295,29.261,29.244,29.108,29.057,29.108,29.091,29.04,29.091,29.074,29.108,29.108,29.04,29.023,28.989,28.938,28.955,28.904,28.87,28.887,28.938
,30.292,30.276,30.343,30.41,30.444,30.595,30.947,31.197,31.331,31.531,31.763,31.813,31.946,31.946,32.458,33.117,33.313,33.149,32.985,32.969,32.854,32.92,32.92,33.035,33.117,33.82,34.031,34.259,34.373,34.08,33.117,31.946,31.813,31.68,31.564,31.531,31.547,31.58,31.547,31.497,31.481,31.464,31.464,31.497,31.514,31.531,31.564,31.58,31.614,31.647,31.796,31.796,31.813,31.863,31.83,31.796,31.796,31.713,31.647,31.68,31.713,31.78,31.896,31.896,31.946,32.111,32.161,32.277,32.343,32.326,32.326,32.442,32.376,32.326,32.194,32.178,32.111,32.111,32.111,32.145,32.178,32.029,31.979,31.946,31.962,31.996,31.996,31.946,31.879,31.763,31.647,31.58,31.514,31.464,31.414,31.364,31.381,31.431,31.347,31.247,31.164,31.08,31.047,31.03,30.947,30.863,30.746,30.679,30.612,30.528,30.494,30.427,30.326,30.191,30.023,29.989,29.905,29.753,29.668,29.549,29.482,29.414,29.295,29.142,29.04,28.87,28.767,28.767,28.682,28.631,28.511,28.46,28.443,28.443,28.357,28.323,28.357,28.357,28.323,28.306,28.289,28.237,28.22,28.203,28.186,28.186,28.151,28.151,28.151,28.1,28.065,28.065,28.083,28.083,28.186,28.186,28.083,27.962,28.1,28.117,28.117,28.048,28.083,28.117,28.117,28.065,28.048,28.065,27.98,27.997,27.997,28.083,28.031,28.031,28.065,28.048,27.98,28.014,27.98,28.014,28.014,28.031,28.083,28.048,28.065,28.083,28.1,28.117,28.134,28.134,28.1,28.083,28.048,28.048,28.048,28.065,27.997,27.945,27.945,28.014,28.048,28.031,27.997,28.014,28.048,28.014,27.945,27.945,27.997,27.997,27.928,27.98,28.065,28.151,28.151,28.134,28.134,28.1,28.1,28.1,28.1,28.151,28.22,28.271,28.357,28.426,28.477,28.562,28.648,28.716,28.699,28.716,28.716,28.682,28.699,28.494,28.306,28.186,28.237,28.186,28.168,28.22,28.237,28.22,28.254,28.254,28.271,28.254,28.237,28.237,28.271,28.289,28.34,28.391,28.374,28.408,28.46,28.46,28.528,28.597,28.648,28.75,28.87,28.921,29.023,29.057,29.091,29.176,29.278,29.227,29.295,29.346,29.329,29.346,29.38,29.38,29.397,29.431,29.431,29.533,29.82,30.208,30.309,30.107,29.989,29.938,29.972,29.871,29.82,29.837,29.803,29.753,29.685,29.566,29.516,29.448,29.431,29.346,29.346,29.312,29.295,29.278,29.193,29.108,29.108,29.074,29.108,29.091,29.091,29.091,29.091,29.074,29.091,29.091,28.904,29.04,28.972,28.904,28.921,28.955
,30.191,30.208,30.259,30.343,30.376,30.595,30.93,31.131,31.264,31.514,31.962,32.574,32.739,32.837,33.133,33.313,33.199,32.936,32.755,32.722,32.772,32.706,32.739,32.837,32.985,33.722,34.21,34.324,34.275,34.08,33.689,33.035,32.409,32.491,32.392,32.045,31.879,31.879,31.863,31.879,32.029,31.913,31.763,31.763,31.713,31.863,32.178,31.83,31.863,31.796,31.946,31.962,31.879,31.896,31.896,31.879,31.879,31.796,31.73,31.747,31.78,31.83,31.896,31.896,31.946,32.128,32.178,32.178,32.211,32.227,32.409,32.491,32.376,32.26,32.178,32.111,32.045,32.012,31.979,31.996,31.979,31.846,31.813,31.896,31.896,31.962,32.012,31.946,31.879,31.846,31.813,31.813,31.796,31.78,31.863,31.896,32.078,33.64,35.342,35.454,35.487,35.535,34.292,32.936,33.215,34.745,35.775,35.743,36.414,37.351,37.288,37.082,36.876,36.685,36.367,36.223,35.951,35.181,34.632,34.243,33.542,33.018,32.837,32.673,32.425,32.045,31.83,31.763,31.614,31.397,31.231,31.114,31.047,31.014,30.813,30.561,30.528,30.376,30.141,29.922,29.82,29.685,29.566,29.465,29.397,29.346,29.227,29.159,29.023,28.887,28.767,28.699,28.614,28.614,28.597,28.545,28.46,28.271,28.391,28.374,28.271,28.151,28.168,28.186,28.186,28.151,28.203,28.1,28.065,28.1,28.083,28.065,28.048,28.048,28.065,28.083,28.048,27.997,27.945,27.997,28.031,28.083,28.186,28.083,28.065,28.083,28.1,28.1,28.117,28.168,28.151,28.065,28.048,28.031,28.031,28.031,27.945,27.962,27.962,28.014,28.014,28.014,27.997,27.997,28.014,27.945,27.894,27.928,27.962,27.945,27.945,28.014,28.168,28.254,28.203,28.186,28.186,28.151,28.151,28.151,28.186,28.237,28.271,28.357,28.426,28.511,28.614,28.682,28.75,28.767,28.801,28.767,28.75,28.682,28.716,28.562,28.254,28.254,28.271,28.237,28.22,28.323,28.254,28.22,28.254,28.271,28.271,28.289,28.271,28.289,28.323,28.34,28.374,28.443,28.46,28.477,28.545,28.597,28.648,28.682,28.75,28.87,28.955,28.972,29.057,29.108,29.125,29.176,29.176,29.312,29.363,29.346,29.363,29.38,29.397,29.397,29.38,29.363,29.38,29.499,29.905,30.326,30.276,30.04,30.006,29.854,29.82,29.702,29.634,29.634,29.668,29.651,29.617,29.533,29.482,29.448,29.448,29.329,29.346,29.295,29.278,29.244,29.227,29.21,29.176,29.159,29.193,29.142,29.125,29.091,29.057,29.057,29.091,29.125,29.074,28.972,28.989,28.989,29.006,29.023
,30.107,30.141,30.225,30.292,30.326,30.662,30.963,31.08,31.181,31.481,32.095,32.903,33.166,33.248,33.215,33.313,33.149,32.854,32.722,32.739,32.772,32.656,32.854,32.837,33.035,33.755,34.292,34.438,34.421,34.292,34.048,33.901,33.869,33.738,33.526,33.411,33.264,33.133,33.1,33.002,32.87,32.952,32.969,32.772,32.64,32.706,32.804,32.706,32.689,32.87,32.541,32.59,32.541,32.541,32.508,32.524,32.508,32.491,32.508,32.442,32.442,32.458,32.458,32.541,32.557,32.755,32.656,32.574,32.59,32.755,32.821,32.969,32.706,32.59,32.409,32.31,32.227,32.244,32.194,32.178,32.161,32.095,32.078,32.045,32.029,32.062,32.045,31.979,31.929,31.863,31.83,31.796,31.813,31.83,31.929,31.979,32.31,34.227,36.079,36.127,36.558,36.828,35.068,33.395,33.869,36.111,37.887,37.871,38.624,40.27,41.022,41.084,41.068,40.977,40.823,41.13,41.16,39.76,38.749,38.217,36.621,35.31,35.084,35.02,34.874,34.6,34.502,34.502,34.421,34.308,34.227,34.227,34.227,34.194,34.08,33.787,33.64,33.477,33.248,33.051,32.969,32.804,32.656,32.541,32.442,32.409,32.326,32.145,31.896,31.73,31.614,31.464,31.164,31.03,30.93,30.83,30.628,30.309,30.309,30.276,30.057,29.803,29.77,29.617,29.499,29.244,29.278,29.21,29.159,29.108,29.04,28.989,28.887,28.801,28.699,28.665,28.665,28.58,28.443,28.426,28.391,28.426,28.545,28.254,28.306,28.271,28.254,28.271,28.306,28.306,28.254,28.168,28.117,28.1,28.083,28.1,28.065,28.048,28.031,28.065,28.048,28.031,28.031,28.014,27.997,27.962,27.945,27.962,27.945,27.945,28.031,28.117,28.237,28.271,28.254,28.271,28.254,28.237,28.22,28.203,28.271,28.289,28.357,28.46,28.58,28.665,28.665,28.733,28.801,28.87,28.904,28.921,28.853,28.819,28.733,28.614,28.408,28.289,28.306,28.254,28.306,28.306,28.289,28.34,28.306,28.323,28.306,28.289,28.306,28.34,28.34,28.426,28.477,28.58,28.58,28.597,28.716,28.767,28.801,28.784,28.836,28.87,28.938,29.04,29.057,29.21,29.244,29.244,29.312,29.363,29.38,29.397,29.414,29.397,29.38,29.38,29.397,29.397,29.431,29.583,29.922,30.309,30.259,30.107,30.073,29.837,29.736,29.651,29.617,29.634,29.668,29.668,29.6,29.499,29.465,29.465,29.482,29.346,29.346,29.312,29.295,29.278,29.261,29.21,29.193,29.21,29.227,29.176,29.125,29.125,29.108,29.091,29.108,29.142,29.091,29.074,29.057,29.04,29.04,29.057
,30.057,30.073,30.141,30.242,30.259,30.561,30.863,31.064,31.247,31.597,32.227,32.952,33.182,33.166,33.117,33.166,33.051,32.854,32.755,32.739,32.722,32.656,32.722,32.887,33.035,33.722,34.292,34.486,34.421,34.21,34.08,34.113,33.918,33.673,33.64,33.493,33.346,33.264,33.297,33.166,33.1,33.117,33.117,33.084,33.002,33.002,33.002,33.067,33.018,33.297,33.067,33.002,32.936,32.969,33.002,33.067,33.1,33.166,33.215,33.182,33.248,33.313,33.264,33.313,33.313,33.428,33.395,33.395,33.444,33.591,33.559,33.64,33.64,33.624,33.542,33.395,33.346,33.526,33.559,33.673,33.722,33.706,33.624,33.624,33.64,33.706,33.591,33.526,33.477,33.411,33.362,33.297,33.231,33.166,33.215,33.166,33.1,34.405,36.111,36.175,36.637,37.082,35.294,33.608,34.405,36.733,38.264,37.887,37.398,37.603,38.123,38.107,38.217,38.264,38.327,38.858,39.62,39.76,39.729,39.17,37.43,35.919,35.631,35.615,35.567,35.454,35.438,35.454,35.454,35.438,35.422,35.47,35.487,35.503,35.567,35.47,35.406,35.358,35.326,35.277,35.229,35.245,35.181,35.068,34.987,34.987,35.02,34.971,34.955,34.955,34.923,34.907,34.842,34.519,34.34,34.21,34.113,33.852,33.706,33.395,33.133,32.952,32.821,32.574,32.359,31.996,31.962,31.979,31.879,31.796,31.747,31.68,31.547,31.414,31.281,31.197,31.114,30.98,30.645,30.544,30.41,30.36,30.326,30.04,30.175,30.057,30.023,29.922,29.905,29.82,29.566,29.38,29.278,29.125,29.057,29.023,28.955,28.972,28.921,28.819,28.699,28.682,28.648,28.597,28.477,28.289,28.22,28.186,28.117,28.151,28.203,28.271,28.357,28.391,28.391,28.34,28.323,28.323,28.306,28.323,28.374,28.408,28.46,28.665,28.836,28.716,28.699,28.75,28.836,29.023,29.006,28.972,28.938,28.955,28.836,28.597,28.511,28.408,28.408,28.443,28.391,28.374,28.357,28.408,28.374,28.426,28.46,28.323,28.34,28.46,28.545,28.528,28.682,28.699,28.733,28.819,28.819,28.801,28.836,28.87,28.921,28.989,29.04,29.21,29.227,29.227,29.278,29.21,29.295,29.346,29.431,29.482,29.431,29.431,29.397,29.363,29.431,29.499,29.516,29.736,30.158,30.36,30.292,30.242,30.09,29.854,29.786,29.685,29.617,29.617,29.651,29.685,29.668,29.6,29.549,29.516,29.499,29.397,29.363,29.346,29.312,29.278,29.261,29.227,29.227,29.244,29.21,29.193,29.159,29.108,29.108,29.142,29.142,29.074,29.108,29.057,29.074,29.057,29.04,29.057
,30.006,30.023,30.073,30.141,30.208,30.444,31.181,31.73,31.996,32.343,32.903,33.395,33.199,33.149,33.117,33.1,33.067,32.969,32.92,32.92,32.887,32.821,32.87,32.837,32.985,33.755,34.34,34.535,34.438,34.34,34.356,34.21,34.113,33.999,34.031,33.738,33.444,33.346,33.444,33.591,33.591,33.575,33.673,33.657,33.477,33.526,33.673,33.657,33.411,33.428,33.461,33.379,33.362,33.526,33.608,33.542,33.461,33.346,33.248,33.281,33.411,33.493,33.444,33.362,33.379,33.526,33.444,33.51,33.803,33.803,33.722,33.918,33.803,33.771,33.771,33.787,33.885,33.999,34.064,33.983,34.064,34.015,34.048,34.129,34.227,34.356,34.421,34.421,34.405,34.47,34.389,34.583,34.761,34.745,34.923,34.567,33.673,34.308,35.919,36.159,36.526,36.764,35.294,34.275,35.647,37.682,38.327,37.714,36.733,36.239,36.255,36.207,36.207,36.207,36.287,36.542,37.382,38.78,39.481,39.03,38.138,37.367,37.05,36.828,36.669,36.59,36.51,36.494,36.399,36.303,36.383,36.383,36.271,36.287,36.351,36.287,36.319,36.303,36.287,36.175,36.143,36.191,36.127,35.999,35.823,35.791,35.775,35.791,35.823,35.887,35.951,36.063,36.239,35.855,35.663,35.519,35.422,35.229,34.955,34.6,34.259,33.966,33.689,33.608,33.542,33.64,33.624,33.657,33.591,33.559,33.591,33.657,33.673,33.689,33.82,33.803,33.64,33.591,33.297,33.149,33.018,33.035,33.084,33.084,33.002,33.018,33.542,34.259,34.243,33.999,33.624,32.936,32.029,31.647,31.514,31.381,31.281,31.281,31.231,31.097,30.963,30.896,30.83,30.779,30.561,30.309,30.141,30.04,29.989,30.006,29.922,29.837,29.803,29.854,29.837,29.719,29.668,29.533,29.431,29.363,29.227,29.159,29.21,29.346,29.38,29.125,28.938,28.972,29.04,29.176,29.142,29.04,28.989,29.125,29.023,28.75,28.631,28.631,28.631,28.631,28.494,28.511,28.494,28.511,28.443,28.494,28.562,28.46,28.408,28.477,28.819,28.904,28.921,28.955,28.989,29.006,28.938,28.887,28.904,28.938,28.989,29.091,29.091,29.125,29.159,29.244,29.363,29.244,29.414,29.465,29.465,29.482,29.448,29.448,29.431,29.38,29.414,29.465,29.516,29.719,30.191,30.444,30.326,30.276,30.023,29.905,29.888,29.82,29.736,29.685,29.668,29.668,29.702,29.77,29.685,29.6,29.549,29.482,29.465,29.414,29.329,29.295,29.278,29.227,29.227,29.244,29.21,29.193,29.142,29.108,29.091,29.125,29.108,28.989,29.023,29.006,29.04,29.057,29.04,29.04
,29.972,30.006,30.006,30.107,30.175,30.494,31.58,32.574,33.018,33.281,33.575,33.559,33.199,33.1,33.067,33.084,33.084,33.035,33.084,33.215,33.182,32.903,32.772,32.92,33.493,33.966,34.324,34.486,34.373,34.243,34.292,34.031,34.129,35.165,35.197,34.405,33.411,33.411,33.722,33.983,34.08,34.064,34.097,34.113,33.983,33.983,34.145,34.08,33.95,33.983,33.966,33.999,34.08,34.21,34.308,34.227,34.097,33.95,33.82,33.787,33.885,33.983,33.901,33.82,33.885,34.08,33.852,33.95,34.438,34.356,34.194,34.47,34.064,33.918,33.918,33.966,34.064,34.145,34.162,34.227,34.194,34.097,34.129,34.129,34.162,34.292,34.356,34.373,34.421,34.438,34.438,34.616,34.842,34.923,35.052,34.794,33.918,33.608,34.097,34.292,34.616,35.052,34.68,34.842,36.399,37.808,38.185,37.556,36.621,36.159,36.143,36.191,36.143,36.159,36.191,36.255,36.891,38.28,38.999,38.78,38.53,38.327,38.123,37.871,37.588,37.461,37.367,37.351,37.24,37.098,37.145,37.145,36.939,36.844,36.796,36.701,36.749,36.717,36.701,36.669,36.669,36.685,36.637,36.574,36.478,36.414,36.319,36.223,36.271,36.303,36.367,36.319,36.335,36.271,36.287,36.239,36.143,35.919,35.519,35.438,35.197,34.745,34.356,34.194,34.21,34.227,34.113,34.048,33.901,33.999,33.803,33.901,33.901,33.803,33.918,33.918,33.869,33.836,33.575,33.477,33.428,33.477,33.526,33.526,33.559,33.836,35.294,37.509,37.745,37.477,37.177,35.695,33.673,33.231,33.051,32.936,32.887,32.887,32.87,32.854,32.837,32.739,32.64,32.557,32.376,32.31,32.227,32.095,32.012,31.929,31.763,31.63,31.547,31.614,31.597,31.514,31.447,31.214,31.131,31.064,30.98,30.913,30.863,30.796,30.746,30.578,30.427,30.393,30.427,30.41,30.41,30.326,30.276,30.36,30.309,30.141,29.786,29.702,29.634,29.363,29.516,29.566,29.397,29.142,29.21,29.108,28.972,29.108,29.074,29.074,29.142,29.159,29.142,29.227,29.244,29.142,29.108,29.159,29.108,29.108,29.176,29.108,29.142,29.295,29.329,29.38,29.465,29.549,29.549,29.533,29.549,29.566,29.482,29.516,29.549,29.499,29.465,29.499,29.549,29.736,30.175,30.477,30.427,30.292,30.175,30.073,30.023,30.023,30.023,29.989,29.922,29.837,29.77,29.82,29.702,29.668,29.549,29.533,29.549,29.431,29.363,29.329,29.295,29.261,29.21,29.244,29.142,29.091,29.108,29.108,29.04,29.006,29.006,28.955,28.972,28.989,29.023,29.04,29.023,29.04
,29.922,29.972,29.938,30.04,30.107,30.376,31.064,32.029,32.706,33.002,33.362,33.297,33.1,33.002,33.002,33.051,33.084,33.051,33.1,33.281,33.133,32.952,33.149,33.281,33.885,34.275,34.438,34.421,34.34,34.308,34.243,33.934,34.145,35.743,36.015,34.923,33.379,33.281,33.313,33.133,33.035,33.002,33.018,33.035,33.035,33.051,33.117,33.067,33.067,33.231,33.281,33.313,33.379,33.428,33.575,33.624,33.673,33.738,33.738,33.738,33.803,33.885,33.95,33.966,33.983,34.097,34.178,34.178,34.243,34.373,34.486,34.389,34.6,34.519,34.502,34.648,34.713,34.777,34.777,34.858,34.858,34.923,35.004,35.068,35.1,35.229,35.294,35.149,35.229,35.374,35.422,35.277,35.165,35.213,35.245,35.02,34.275,33.64,33.559,33.689,33.836,34.243,34.486,35.294,37.066,38.076,38.107,37.461,36.605,36.255,36.207,36.239,36.207,36.207,36.239,36.303,36.812,38.076,38.671,38.483,38.421,38.248,38.107,37.903,37.714,37.603,37.54,37.493,37.398,37.256,37.24,37.256,37.113,36.987,36.907,36.86,36.939,36.923,36.891,36.955,37.05,37.098,37.113,37.05,37.003,37.018,36.923,36.685,36.653,36.653,36.653,36.558,36.462,36.478,36.446,36.446,36.43,36.351,36.319,36.319,36.159,35.695,35.727,35.599,35.487,35.406,35.229,35.229,35.068,35.197,34.923,34.987,34.955,34.891,34.955,34.907,34.891,34.842,34.729,34.519,34.275,34.178,34.243,34.259,34.064,34.031,35.422,37.698,38.138,37.95,37.682,35.839,33.885,33.542,33.264,33.133,33.035,32.92,32.92,32.903,32.837,32.772,32.656,32.524,32.409,32.376,32.392,32.376,32.343,32.211,32.012,31.979,31.979,32.029,32.029,31.996,31.946,31.813,31.763,31.697,31.747,31.713,31.597,31.531,31.447,31.381,31.331,31.214,31.164,31.097,31.064,31.047,30.997,30.98,30.93,30.846,30.813,30.846,30.679,30.779,30.846,30.846,30.746,30.763,30.779,30.796,30.695,30.729,30.712,30.695,30.695,30.695,30.712,30.695,30.645,30.427,30.175,30.309,30.292,30.09,30.225,30.107,30.057,30.09,29.938,29.972,30.073,29.634,29.702,29.77,29.702,29.77,29.77,29.77,29.736,29.736,29.685,29.651,29.786,30.057,30.376,30.612,30.544,30.41,30.259,30.225,30.175,30.208,30.259,30.208,30.09,29.989,29.922,29.82,29.702,29.702,29.583,29.533,29.516,29.431,29.346,29.312,29.278,29.227,29.227,29.244,29.193,29.125,29.125,29.091,29.057,28.972,28.921,28.955,28.972,28.972,29.023,29.04,28.989,28.972
,29.871,29.905,29.972,29.938,30.057,30.276,30.628,31.197,31.763,32.178,32.755,32.887,33.002,32.985,32.985,33.018,33.051,33.018,33.035,33.248,33.231,33.067,34.113,35.213,35.342,34.858,34.648,34.6,34.389,34.178,34.08,33.836,34.129,35.903,35.887,34.567,33.248,33.133,32.969,33.215,33.706,33.689,33.166,32.673,33.067,33.477,33.313,32.475,32.755,33.411,33.411,32.673,32.59,32.936,33.281,33.002,32.722,32.788,32.837,32.804,32.739,32.722,32.854,32.87,32.821,32.87,33.002,33.215,33.067,33.215,33.346,33.624,33.689,33.771,33.771,33.885,33.918,34.015,34.194,34.405,34.664,34.777,34.874,35.004,35.116,35.116,35.294,35.519,35.551,35.599,35.631,35.695,35.775,35.438,35.052,34.907,34.826,35.02,35.116,35.213,35.358,35.567,35.983,37.145,38.405,38.546,38.436,38.154,36.923,36.701,36.844,36.749,36.558,36.399,36.287,36.383,36.891,38.06,38.608,38.702,38.889,38.78,38.921,38.858,38.624,38.389,38.217,38.107,38.154,38.028,37.918,37.855,37.745,37.572,37.477,37.43,37.288,37.272,37.193,37.145,37.177,37.177,37.177,37.129,37.066,37.129,37.003,36.844,36.749,36.701,36.669,36.637,36.59,36.526,36.478,36.462,36.462,36.446,36.43,36.526,36.494,36.43,36.526,36.494,36.414,36.414,36.303,36.335,36.335,36.335,36.367,36.43,36.414,36.462,36.605,36.478,36.383,36.207,36.095,35.919,35.711,35.631,35.711,35.839,35.326,34.535,35.487,37.714,38.123,37.934,37.572,35.791,34.194,34.454,34.519,34.421,34.405,34.113,33.901,33.559,33.411,33.346,33.281,33.182,33.067,33.035,33.018,33.035,33.035,32.804,32.557,32.557,32.475,32.425,32.409,32.277,32.194,32.078,31.913,31.813,31.796,31.713,31.564,31.547,31.464,31.431,31.381,31.281,31.264,31.164,31.131,31.114,30.997,30.98,30.997,31.014,31.03,31.181,31.197,31.231,31.231,31.08,31.131,31.131,31.181,31.164,31.097,31.064,30.997,31.014,30.963,30.963,30.947,30.896,30.846,30.88,30.813,30.746,30.746,30.712,30.662,30.578,30.612,30.779,30.695,30.662,30.662,30.796,30.913,30.813,30.83,30.796,30.846,30.813,30.612,30.612,30.561,30.528,30.612,30.645,30.746,30.712,30.695,30.628,30.477,30.461,30.494,30.511,30.544,30.461,30.309,30.259,30.242,30.09,30.057,29.955,29.854,29.549,29.465,29.465,29.363,29.329,29.295,29.244,29.227,29.227,29.193,29.108,29.074,29.057,29.057,29.057,29.023,29.006,28.955,28.921,28.972,29.023,29.057,29.057
,29.803,29.837,29.938,29.938,30.124,30.461,31.047,31.431,31.664,32.111,32.508,32.837,32.936,32.936,32.936,32.969,32.969,32.985,33.084,33.182,33.231,33.199,34.632,35.406,35.487,34.987,34.713,34.6,34.34,34.113,33.999,33.591,33.379,33.722,33.771,33.428,32.755,32.87,32.821,33.689,34.68,34.713,33.918,33.084,34.08,34.502,34.162,32.821,33.706,34.939,34.955,33.608,33.313,34.454,35.02,34.227,33.166,33.33,33.771,33.51,32.969,32.788,33.362,33.248,32.92,32.623,32.887,32.969,32.903,32.475,32.458,32.969,32.887,32.706,32.524,32.656,32.854,32.821,32.574,32.722,32.755,32.788,32.804,32.854,32.903,33.035,33.067,33.084,33.199,33.33,33.591,33.852,34.502,35.1,34.842,34.6,34.81,35.181,35.374,35.567,35.695,35.775,36.271,37.145,37.54,37.224,37.113,37.335,37.05,37.398,38.546,38.311,37.145,36.574,36.367,36.494,37.113,38.233,38.593,38.515,38.546,38.936,40.516,41.649,40.792,39.061,38.421,39.123,39.729,39.698,39.62,39.558,39.481,39.372,39.356,39.325,39.123,39.123,39.092,39.03,38.967,38.858,38.733,38.718,38.655,38.655,38.436,38.217,38.091,37.95,37.824,37.729,37.666,37.54,37.477,37.446,37.367,37.288,37.113,37.113,37.003,36.971,36.923,36.828,36.812,36.764,36.669,36.542,36.574,36.51,36.558,36.621,36.637,36.701,36.812,36.78,36.637,36.494,36.255,36.239,36.239,36.239,36.446,36.844,36.637,35.165,35.229,36.669,36.987,36.828,36.494,35.229,34.34,35.1,35.438,35.39,35.535,35.615,35.358,34.486,34.308,34.178,34.113,33.983,33.836,33.787,33.722,33.706,33.64,33.428,33.362,33.264,33.1,33.182,33.1,32.821,32.788,32.739,32.607,32.557,32.508,32.491,32.392,32.442,32.376,32.211,32.095,32.029,31.979,31.813,31.73,31.547,31.63,31.547,31.464,31.514,31.514,31.531,31.58,31.497,31.447,31.381,31.331,31.331,31.264,31.314,31.164,31.114,31.03,31.014,30.997,30.98,30.93,30.896,30.863,30.846,30.796,30.729,30.712,30.662,30.595,30.695,30.695,30.528,30.494,30.578,30.612,30.612,30.896,30.98,31.03,30.846,30.88,30.913,30.896,30.93,30.963,30.896,30.763,30.796,30.913,30.813,30.813,30.763,30.729,30.88,30.896,30.863,30.83,30.846,30.846,30.796,30.695,30.544,30.561,30.444,30.326,29.837,29.533,29.516,29.448,29.38,29.329,29.278,29.21,29.21,29.159,29.125,29.125,29.091,29.057,29.04,29.04,29.023,28.972,28.989,28.989,28.972,28.972,29.023
,29.736,29.77,29.854,29.922,30.09,30.528,31.047,31.264,31.314,31.614,32.227,32.623,32.969,32.952,32.969,33.018,32.952,32.87,32.92,32.985,33.133,33.231,34.761,35.567,35.663,34.955,34.68,34.664,34.421,34.129,33.901,33.51,33.657,34.08,34.015,33.117,32.607,32.656,32.623,33.706,34.874,34.729,33.852,33.281,34.486,34.794,34.47,33.035,34.227,35.599,35.695,34.178,33.689,35.294,35.903,34.955,33.673,34.08,34.907,34.616,33.689,33.281,34.519,34.47,33.869,32.903,33.461,33.901,34.015,33.182,32.903,34.178,34.292,33.901,32.92,33.918,34.373,34.308,33.182,33.33,34.243,34.34,33.901,33.428,33.934,34.324,33.738,33.264,33.411,33.722,33.885,33.787,33.787,34.405,34.729,34.486,34.68,34.955,35.181,35.294,35.406,35.631,36.047,36.462,35.919,34.971,35.036,35.903,36.86,37.556,39.279,39.263,37.556,37.018,37.43,38.248,38.546,38.858,38.608,38.107,37.855,39.03,42.696,45.296,43.524,39.713,38.264,38.78,38.608,38.515,38.546,38.577,38.577,38.593,38.718,38.765,38.749,38.811,38.874,38.858,38.858,38.889,38.843,38.889,38.858,38.889,38.811,38.811,38.905,38.889,38.827,38.78,38.78,38.796,38.765,38.765,38.687,38.593,38.53,38.561,38.405,38.374,38.264,38.217,38.123,38.28,38.17,38.06,38.013,37.903,37.981,38.013,38.028,37.997,37.981,37.934,37.84,37.761,37.414,37.145,37.082,36.891,36.796,36.987,36.86,35.743,35.02,35.181,35.197,35.133,34.939,34.551,34.178,34.454,34.438,34.519,34.438,34.842,35.759,35.807,35.807,35.775,35.791,35.759,35.663,35.454,35.181,35.116,35.036,35.02,34.907,34.616,34.502,34.567,34.454,34.275,34.227,34.031,33.722,33.526,33.444,33.395,33.281,33.248,33.117,32.985,32.837,32.656,32.557,32.343,32.26,32.012,31.996,32.111,32.095,32.078,32.095,32.045,32.078,32.095,32.178,32.194,32.227,32.194,32.128,32.409,32.211,31.763,31.863,31.78,31.464,31.713,31.497,31.447,31.297,31.097,31.03,30.947,30.813,30.763,30.83,30.913,30.947,30.93,30.796,30.796,30.83,30.846,31.264,30.896,30.963,30.779,30.913,31.014,30.997,30.997,30.846,30.729,30.729,30.763,30.796,30.712,30.695,30.712,30.746,30.863,30.896,30.88,30.863,30.913,30.947,30.896,30.846,30.796,30.712,30.729,30.628,30.191,29.702,29.533,29.499,29.414,29.329,29.261,29.227,29.193,29.176,29.176,29.176,29.142,29.091,29.074,29.057,29.006,28.989,29.006,28.972,29.04,29.023,28.989
,29.702,29.702,29.837,29.871,29.955,30.461,30.88,30.997,31.03,31.214,31.514,32.425,32.936,32.952,32.952,33.051,32.969,32.772,32.739,32.788,32.706,33.002,34.68,35.535,35.663,34.971,34.551,34.502,34.34,34.113,34.015,33.64,34.08,35.551,35.503,34.129,32.952,32.656,32.491,32.87,33.559,33.64,33.166,32.854,33.477,33.722,33.624,32.788,33.477,34.632,34.729,33.493,33.084,34.308,34.874,34.097,33.248,33.706,34.486,34.373,33.624,33.166,34.356,34.454,34.031,32.936,33.673,34.031,33.999,33.133,32.788,34.227,34.373,34.097,32.969,34.048,34.616,34.697,33.51,33.706,34.68,35.068,34.34,33.803,34.729,35.326,34.874,33.869,34.21,35.1,35.261,34.535,33.755,34.21,34.502,34.162,34.502,34.907,35.133,35.213,35.277,35.438,35.791,36.175,35.503,34.389,34.356,35.487,36.86,37.682,39.279,39.543,37.871,38.185,41.022,43.088,42.06,40.053,38.827,37.966,37.477,39.076,43.343,46.062,44.167,39.868,37.934,37.761,37.619,39.014,39.698,38.905,37.808,38.358,39.481,39.403,38.17,37.792,38.483,38.515,37.824,37.509,37.871,38.248,38.028,37.666,37.619,37.792,37.966,37.714,37.682,37.903,38.06,37.887,37.729,37.714,37.745,37.745,37.777,37.918,37.855,37.95,37.934,37.871,37.934,38.107,38.17,38.138,38.154,38.233,38.374,38.342,38.421,38.561,38.515,38.53,38.53,38.577,38.452,38.217,38.28,38.233,37.54,37.54,37.161,36.955,36.669,36.51,36.383,36.303,36.143,35.855,35.294,34.955,34.583,34.324,33.771,33.624,35.519,36.971,37.113,37.256,37.493,37.651,37.603,37.398,37.098,36.987,37.003,37.003,36.86,36.685,36.637,36.59,36.526,36.494,36.446,36.271,36.031,35.839,35.631,35.551,35.599,35.503,35.197,34.939,34.907,34.81,34.761,34.6,34.519,34.438,34.162,33.722,33.673,33.624,33.575,33.559,33.493,33.477,33.362,33.199,33.067,33.018,32.772,32.755,32.854,32.508,32.475,32.359,32.293,32.326,32.145,32.161,32.178,32.128,32.194,32.244,32.194,32.111,32.095,32.078,32.095,32.194,32.111,31.929,31.83,31.747,31.713,31.73,31.763,31.531,31.564,31.73,31.481,31.364,31.264,31.181,31.164,31.097,31.03,31.014,31.03,30.997,31.014,31.014,31.064,30.997,30.997,31.08,31.164,31.164,31.047,30.88,30.796,30.813,30.612,30.36,29.803,29.549,29.482,29.397,29.312,29.244,29.193,29.142,29.125,29.21,29.21,29.227,29.227,29.244,29.159,29.023,29.006,29.023,29.023,29.006,29.023,29.023
,29.668,29.668,29.803,29.905,29.938,30.461,30.813,30.896,30.963,31.064,31.58,32.557,32.87,32.985,33.002,33.084,33.002,32.788,32.739,32.722,32.755,32.952,34.858,35.503,35.438,35.036,34.794,34.697,34.47,34.162,33.966,33.689,34.454,35.919,35.791,34.129,32.985,32.952,33.035,32.804,32.739,32.887,32.887,32.673,32.755,32.854,32.804,32.59,32.755,33.166,33.182,32.739,32.656,33.067,33.297,32.985,32.59,32.821,33.248,33.199,32.804,32.722,33.493,33.657,33.395,32.804,33.362,33.64,33.608,32.739,32.739,33.689,34.097,33.64,33.035,33.934,34.405,34.275,33.493,33.526,34.6,35.084,34.34,33.901,34.794,35.454,34.907,33.803,34.113,35.068,35.133,34.34,33.722,34.145,34.373,34.194,34.535,34.907,35.084,35.229,35.277,35.374,35.759,36.143,35.438,34.292,34.292,35.422,36.876,37.729,38.655,38.515,37.682,39.263,43.584,45.665,43.659,40.424,38.843,37.903,37.288,37.966,40.162,41.786,40.777,38.374,37.493,37.145,38.013,41.573,43.404,41.862,39.17,40.47,43.163,43.043,40.192,39.279,41.359,42.014,40.084,38.327,39.76,40.992,40.624,38.515,38.593,39.945,40.285,38.342,37.524,39.108,39.76,39.185,37.272,38.076,39.076,39.014,37.414,37.161,38.217,38.374,37.792,36.351,37.556,37.729,37.729,36.43,36.669,37.666,37.792,36.971,36.828,37.351,37.477,37.351,36.907,37.129,37.272,37.224,37.351,37.855,37.777,37.493,37.288,38.358,39.76,39.899,39.883,39.806,39.682,39.31,38.671,38.201,37.84,37.018,35.165,33.803,35.245,36.796,36.51,36.159,36.43,36.59,36.478,36.399,36.351,36.319,36.303,36.255,36.223,36.207,36.239,36.271,36.255,36.223,36.207,36.239,36.175,36.095,35.999,35.999,36.111,36.111,35.967,35.871,35.967,35.935,35.887,35.919,35.935,35.967,35.839,35.583,35.567,35.615,35.695,35.679,35.791,35.855,35.807,35.759,35.567,35.406,35.068,34.955,35.02,34.971,34.842,34.907,34.616,34.486,34.259,34.097,34.048,33.999,33.689,33.575,33.281,32.952,32.87,32.706,32.59,32.541,32.491,32.491,32.409,32.161,32.26,32.194,32.244,32.359,32.26,32.31,32.343,32.31,32.078,31.979,32.012,31.879,31.78,31.996,31.996,32.045,31.996,31.846,31.896,31.531,31.431,31.796,32.078,32.012,31.68,31.231,30.913,30.863,30.578,30.444,29.786,29.533,29.448,29.363,29.295,29.21,29.159,29.108,29.091,29.21,29.261,29.38,29.397,29.312,29.159,29.006,28.972,29.04,29.108,29.023,29.04,29.04
,29.668,29.668,29.77,29.871,29.955,30.376,30.729,30.863,30.913,30.997,31.414,32.178,32.952,32.952,32.952,33.067,32.952,32.722,32.772,32.755,32.804,32.936,34.794,35.599,35.743,35.197,34.842,34.648,34.356,34.227,34.113,33.803,34.048,34.794,34.551,33.591,32.969,33.149,33.624,33.755,33.591,33.575,33.673,33.673,33.575,33.559,33.461,33.379,33.428,33.379,33.362,33.313,33.297,33.215,33.117,33.067,33.018,33.002,32.969,32.936,32.952,33.018,33.1,33.182,33.051,32.969,32.952,32.887,32.887,32.87,32.722,33.067,33.133,32.969,33.1,33.117,33.281,33.297,32.903,33.117,33.526,33.771,33.673,33.33,33.657,33.983,33.852,33.608,33.755,33.983,33.999,33.934,33.885,34.162,34.292,34.275,34.664,34.891,35.052,35.197,35.245,35.358,35.759,35.999,35.149,34.356,34.519,35.567,36.685,37.018,37.351,37.398,37.493,39.558,44.242,46.253,43.898,40.408,38.811,37.887,37.24,37.997,39.899,40.961,39.868,37.745,37.256,36.923,38.076,42.348,44.718,43.118,40.007,41.618,44.985,44.911,41.42,40.654,43.494,44.584,42.044,39.356,41.573,43.569,43.073,39.512,39.992,42.56,43.163,40.038,38.468,41.588,42.847,41.968,38.342,40.3,42.257,42.317,38.796,38.28,41.16,41.496,39.883,36.749,39.853,40.716,40.439,36.971,37.714,40.408,40.3,38.138,36.987,38.499,39.419,38.561,36.383,37.145,38.154,38.06,36.86,36.478,37.414,37.034,37.461,39.31,41.527,41.923,41.953,41.862,41.679,41.496,41.283,40.992,40.792,40.007,37.272,34.551,35.294,36.637,35.951,35.229,35.663,35.951,35.567,35.245,35.342,35.326,35.229,35.245,35.342,35.149,34.939,35.068,35.165,35.036,35.02,35.165,34.923,34.632,34.616,34.664,34.68,34.648,34.632,34.648,34.648,34.648,34.68,34.729,34.761,34.794,34.777,34.761,34.713,34.729,34.794,34.745,34.826,34.891,35.116,35.567,36.446,36.143,35.116,35.261,34.907,34.939,34.567,34.68,34.68,34.761,34.486,34.502,34.486,34.486,34.389,34.34,34.405,34.502,34.551,34.583,34.616,34.616,34.632,34.648,34.632,34.47,34.405,34.47,34.324,34.324,34.015,33.934,33.852,33.82,33.182,32.87,32.969,32.903,32.788,32.706,32.706,32.623,32.574,32.656,32.574,32.277,32.194,32.722,33.051,32.887,32.574,31.979,31.014,30.813,30.494,30.36,29.905,29.533,29.346,29.312,29.244,29.159,29.091,29.074,29.108,29.142,29.278,29.414,29.414,29.295,29.142,28.989,28.955,29.074,29.108,29.04,29.057,29.023
,29.668,29.685,29.719,29.82,29.888,30.36,30.729,30.863,30.913,30.997,31.397,32.557,32.952,32.837,32.92,33.051,32.903,32.673,32.706,32.706,32.689,32.92,34.858,35.663,35.679,35.149,34.745,34.535,34.292,34.194,34.08,33.852,33.787,33.901,33.787,33.542,33.313,33.395,33.608,33.755,33.755,33.755,33.82,33.869,33.869,33.918,33.918,33.885,33.966,33.983,34.031,34.015,34.015,33.918,33.966,34.031,34.031,33.999,33.999,34.064,34.227,34.519,34.794,34.858,34.632,34.292,34.243,34.129,34.129,34.113,33.966,34.145,34.162,34.048,33.852,34.015,33.95,33.852,33.803,33.771,33.966,34.048,34.097,34.08,34.031,34.015,34.031,33.95,33.918,33.885,33.836,34.113,34.421,34.502,34.438,34.356,34.616,34.907,35.084,35.213,35.261,35.31,35.583,35.855,35.245,34.421,34.583,35.599,36.51,36.701,37.129,37.461,37.777,40.007,44.525,46.224,43.823,40.439,38.858,37.871,37.177,38.687,41.908,43.298,41.557,38.248,37.288,36.876,37.303,40.27,42.272,41.405,39.263,40.608,43.313,43.328,40.608,40.131,42.65,43.748,41.603,39.31,41.496,43.599,43.103,39.574,40.223,42.771,43.298,40.331,38.749,41.923,43.328,42.227,38.577,40.885,42.816,42.816,39.061,38.655,42.242,42.635,40.562,37.034,40.731,42.196,41.725,37.619,38.718,42.12,41.908,39.294,37.524,40.454,41.481,39.667,36.749,38.154,40.177,40.192,37.635,35.983,36.955,36.876,37.603,39.527,41.756,42.196,42.196,42.151,42.075,41.862,41.679,41.573,41.374,40.808,38.123,35.02,35.406,36.446,35.647,35.519,36.764,37.367,36.399,36.175,37.034,36.717,36.063,36.558,37.24,36.175,35.213,35.983,36.574,35.951,36.079,36.78,35.967,35.454,35.951,36.031,35.487,35.374,35.871,35.406,34.874,35.165,35.358,34.874,34.664,35.116,34.987,34.227,34.292,34.519,34.373,34.097,34.178,34.324,34.031,34.648,36.047,36.079,34.858,34.842,33.934,33.444,33.018,33.002,32.887,32.821,32.689,32.623,32.541,32.524,32.524,32.524,32.574,32.739,32.755,32.623,32.64,32.689,32.772,32.92,33.199,33.787,33.362,33.575,34.031,34.113,34.178,33.918,33.852,33.885,33.934,34.064,34.064,34.08,34.129,33.983,33.836,33.918,33.934,33.983,34.097,33.836,33.526,33.444,33.51,33.264,32.821,32.178,31.231,30.813,30.595,30.326,29.922,29.499,29.312,29.176,29.142,29.108,29.04,29.023,29.04,29.091,29.176,29.278,29.227,29.193,29.159,29.057,29.023,29.074,29.057,29.006,29.091,29.023
,29.617,29.685,29.702,29.786,29.922,30.41,30.779,30.846,30.88,31.03,31.464,32.706,33.018,32.952,32.92,32.985,32.92,32.706,32.689,32.706,32.689,32.985,34.567,35.583,35.727,35.181,34.794,34.616,34.389,34.308,34.08,34.015,33.869,33.803,33.755,33.689,33.657,33.673,33.673,33.657,33.689,33.706,33.689,33.673,33.673,33.738,33.803,33.738,33.82,33.885,33.885,33.869,33.885,33.82,33.836,33.918,33.901,33.869,33.901,33.95,34.129,34.648,35.342,35.519,35.004,34.324,34.324,34.292,34.486,34.356,34.551,34.632,34.616,34.6,34.632,34.68,34.826,35.02,35.1,35.084,35.245,35.39,35.358,35.535,35.711,35.727,35.727,35.727,35.727,35.663,35.615,35.583,35.567,35.197,34.664,34.664,34.777,35.02,35.181,35.197,35.245,35.39,35.775,36.239,35.967,35.326,35.31,36.015,36.399,36.399,36.733,37.256,37.792,40.347,44.614,45.576,43.193,40.593,39.108,37.95,37.208,38.546,41.618,43.028,41.359,38.201,37.509,37.603,37.382,38.248,38.999,38.858,38.233,38.655,39.481,39.527,38.655,38.452,39.372,39.853,39.108,38.17,39.108,40.1,39.992,38.421,38.655,39.837,40.285,38.874,38.123,39.667,40.562,39.992,37.918,39.201,40.393,40.531,38.185,37.871,40.377,40.946,39.543,36.796,39.558,40.854,40.531,37.446,38.217,40.516,40.362,38.718,37.272,40.177,40.27,38.765,36.51,38.091,39.976,39.837,37.303,35.839,36.812,36.828,37.572,39.62,41.786,42.181,42.211,42.196,42.075,41.847,41.695,41.512,41.344,40.915,38.154,35.036,35.454,36.079,35.004,35.342,37.256,38.044,36.685,36.796,38.28,37.808,36.749,37.524,38.499,36.939,35.711,37.034,37.761,36.749,37.177,38.421,37.24,36.462,37.603,37.871,36.812,36.971,38.044,37.018,36.143,37.082,37.477,36.335,36.063,37.256,36.621,35.052,35.342,36.303,35.839,35.374,36.462,36.047,34.356,34.324,36.063,36.063,34.713,34.68,33.657,33.199,34.454,35.358,34.454,33.82,34.551,34.68,33.738,33.82,33.966,33.559,33.248,33.706,33.82,33.067,33.117,33.64,33.084,32.821,32.92,32.87,32.755,32.623,32.673,32.557,32.508,32.524,32.541,32.557,32.623,32.722,32.689,32.656,32.722,32.722,32.772,32.837,32.755,33.182,33.493,33.738,33.689,33.281,33.297,33.248,33.035,32.673,31.879,31.114,30.645,30.427,29.786,29.448,29.312,29.108,29.057,29.057,29.023,28.989,28.989,29.074,29.057,29.074,29.074,29.074,29.091,29.074,29.057,29.04,29.023,28.989,28.989,28.989
,29.6,29.685,29.702,29.77,29.871,30.36,30.763,30.88,30.896,30.963,31.264,32.26,32.854,32.903,32.92,33.002,32.903,32.706,32.689,32.706,32.656,32.903,34.567,35.567,35.695,35.165,34.761,34.632,34.454,34.356,34.113,34.015,33.869,33.722,33.706,33.64,33.673,33.689,33.673,33.657,33.657,33.689,33.706,33.706,33.657,33.689,33.738,33.673,33.771,33.82,33.852,33.836,33.82,33.82,33.803,33.82,33.82,33.82,33.836,33.803,33.836,33.999,34.405,34.583,34.519,34.178,34.129,34.145,34.097,34.194,34.21,34.227,34.227,34.178,34.243,34.227,34.373,34.502,34.519,34.616,34.761,34.81,34.745,34.826,34.971,34.971,34.987,34.971,34.939,35.084,35.181,35.245,35.422,35.294,35.084,35.084,35.004,35.149,35.245,35.294,35.31,35.39,35.791,36.478,37.05,37.208,37.224,37.018,36.494,36.399,36.526,36.733,37.446,40.377,44.762,45.621,43.088,40.7,39.341,38.374,37.682,38.044,39.76,40.7,39.729,37.808,37.54,38.53,39.185,39.31,39.419,39.403,39.372,39.325,39.263,39.232,39.154,39.03,38.983,38.921,38.811,38.687,38.687,38.687,38.608,38.436,38.358,38.233,38.185,37.966,37.871,38.028,38.107,38.044,37.682,37.745,37.887,38.06,37.414,37.177,37.855,38.17,37.777,36.733,37.572,38.076,38.154,36.907,36.923,37.635,37.603,37.113,36.462,37.635,37.714,37.098,36.047,36.86,37.808,37.682,36.271,35.855,36.812,36.78,37.54,39.636,41.374,41.451,41.847,42.12,41.984,41.756,41.237,40.608,40.654,40.7,38.264,35.197,35.438,35.775,34.567,34.664,36.175,36.812,35.967,35.999,36.812,36.621,35.951,36.414,37.018,35.967,35.342,36.207,36.605,36.063,36.383,37.303,36.605,36.063,36.923,37.256,36.399,36.574,37.556,36.605,35.951,37.066,37.493,36.335,36.399,37.729,36.955,35.487,36.127,37.161,36.542,36.031,37.556,37.003,34.632,34.34,36.175,36.127,34.632,34.648,33.755,33.591,35.711,36.637,35.245,34.794,36.669,36.558,35.036,35.807,36.303,35.068,34.502,35.663,35.967,35.068,35.438,36.303,35.567,34.81,35.839,35.903,34.616,35.277,35.727,34.535,34.08,35.149,35.133,34.292,34.438,34.356,33.608,33.477,33.983,33.852,33.281,33.444,33.575,32.755,32.557,32.64,33.297,33.297,33.313,33.084,33.002,33.067,32.656,31.929,31.014,30.494,29.803,29.431,29.227,29.091,29.023,29.04,29.04,29.006,28.989,29.023,29.023,28.989,29.057,29.057,29.04,29.04,29.006,29.023,29.023,28.955,28.904,28.887
,29.583,29.634,29.651,29.719,29.989,30.477,30.796,30.846,30.896,30.947,31.347,32.475,32.903,32.936,33.002,33.1,32.985,32.772,32.739,32.772,32.837,32.854,34.031,34.761,35.068,34.923,34.729,34.664,34.535,34.34,34.145,34.031,33.95,33.689,33.624,33.575,33.559,33.542,33.591,33.624,33.608,33.624,33.624,33.64,33.657,33.657,33.657,33.624,33.706,33.722,33.738,33.787,33.803,33.755,33.706,33.738,33.771,33.771,33.771,33.771,33.82,33.869,33.901,33.95,34.015,34.178,34.129,34.145,34.178,34.162,34.324,34.324,34.259,34.243,34.405,34.421,34.648,34.777,35.1,35.245,35.036,34.955,35.02,35.084,35.181,35.245,35.31,35.31,35.31,35.342,35.374,35.47,35.503,35.535,35.583,35.487,35.39,35.583,35.759,35.855,35.807,35.887,36.127,36.383,37.066,37.761,37.777,37.666,37.066,36.462,36.51,36.605,37.177,40.239,44.941,45.562,43.028,40.716,39.434,38.687,38.248,38.06,38.264,38.561,38.327,37.729,37.603,38.091,38.593,38.687,38.78,38.811,38.967,39.092,39.232,39.325,39.294,39.372,39.527,39.512,39.45,39.434,39.434,39.45,39.481,39.356,39.341,39.263,39.123,39.014,39.014,39.014,38.952,38.936,38.905,38.874,38.78,38.687,38.546,38.436,38.342,38.327,38.311,38.201,37.997,37.761,37.887,37.761,37.603,37.509,37.493,37.382,37.113,37.018,37.113,36.907,36.653,36.558,36.605,36.558,36.143,36.271,36.717,36.78,37.682,39.744,41.022,40.501,40.885,41.756,41.968,41.496,40.501,39.775,40.023,40.393,38.076,35.068,35.454,35.647,34.324,34.777,36.637,37.319,36.43,36.43,37.303,36.971,36.271,36.844,37.367,36.255,35.647,36.462,36.637,36.031,36.43,37.145,36.399,35.839,36.446,36.558,35.727,35.919,36.637,35.871,35.245,35.743,35.919,35.326,35.454,36.111,35.599,34.794,35.197,35.743,35.31,35.213,35.743,35.438,34.194,34.421,35.807,36.127,34.551,34.664,33.82,33.477,34.583,35.261,34.454,34.031,35.551,35.759,34.389,35.31,35.983,34.923,34.616,35.807,36.015,35.261,35.727,36.574,35.791,35.197,36.828,36.733,35.358,35.823,36.844,35.775,35.31,36.59,36.095,35.277,36.015,36.047,34.955,34.891,35.583,35.261,34.81,35.567,35.711,34.21,32.508,32.574,33.215,33.231,33.281,33.067,32.952,32.936,32.574,31.979,31.264,30.292,29.549,29.465,29.21,29.091,29.057,29.057,29.04,29.006,28.955,28.921,28.972,29.006,29.057,29.057,29.04,29.006,28.972,28.955,29.006,28.853,28.801,28.801
,29.6,29.634,29.634,29.685,30.158,30.561,30.779,30.896,30.896,30.997,31.531,32.821,33.051,32.985,33.002,33.067,33.018,32.903,32.887,32.821,32.837,32.87,33.084,33.264,33.836,34.47,34.697,34.632,34.535,34.454,34.438,34.08,33.983,33.689,33.624,33.542,33.444,33.444,33.526,33.591,33.608,33.591,33.559,33.542,33.591,33.608,33.608,33.575,33.64,33.657,33.64,33.722,33.755,33.706,33.624,33.624,33.689,33.722,33.722,33.755,33.836,33.869,33.885,33.918,33.966,34.08,34.178,34.064,34.048,34.097,34.162,34.194,34.162,34.162,34.259,34.356,34.502,34.729,35.036,35.036,34.939,34.891,34.923,34.955,35.02,35.133,35.197,35.261,35.261,35.197,35.277,35.374,35.519,35.663,35.663,35.679,35.647,35.759,35.855,35.887,35.999,36.143,36.478,36.971,37.351,38.044,38.107,37.981,37.382,36.637,36.542,36.574,37.129,40.162,45.148,45.753,42.937,40.716,39.605,39.092,38.811,38.593,38.374,38.28,38.17,37.997,37.903,37.934,37.95,37.966,37.981,37.981,38.044,38.076,38.123,38.185,38.201,38.28,38.389,38.436,38.421,38.405,38.421,38.421,38.468,38.483,38.53,38.546,38.515,38.53,38.577,38.593,38.608,38.624,38.624,38.593,38.577,38.499,38.436,38.421,38.327,38.327,38.468,38.64,38.64,38.53,38.546,38.655,38.718,38.593,38.405,38.483,38.295,38.264,38.264,38.264,38.013,37.84,37.871,37.698,37.24,36.796,36.542,36.844,37.729,39.853,41.252,40.393,39.713,40.915,41.908,41.007,39.992,39.543,39.527,40.208,37.761,34.826,35.422,35.535,34.373,35.374,37.84,38.702,37.335,37.603,38.999,38.295,37.335,38.233,38.999,37.303,36.621,37.997,38.264,37.414,38.028,38.874,37.524,36.955,38.076,38.028,36.796,37.193,38.217,37.098,36.478,37.319,37.351,36.43,36.494,37.461,36.669,35.503,35.983,36.462,35.695,35.454,36.59,36.175,34.454,34.502,36.015,36.079,34.438,34.502,33.657,33.379,34.227,34.923,33.983,33.559,34.551,34.6,33.689,34.097,34.47,33.885,33.591,33.999,34.048,33.787,34.162,34.68,34.356,33.999,34.842,35.245,34.438,34.616,35.1,34.664,34.389,35.535,35.551,34.858,35.519,35.647,34.777,34.794,35.47,35.374,35.052,35.374,35.535,34.064,32.425,32.623,33.166,33.149,33.231,33.051,32.936,32.607,31.697,30.947,30.662,29.837,29.499,29.414,29.278,29.176,29.159,29.108,29.057,28.989,28.938,28.955,28.972,28.955,29.006,29.023,28.989,28.955,28.921,28.887,28.853,28.801,28.75,28.75
,29.583,29.668,29.6,29.634,29.938,30.36,30.679,30.779,30.796,30.896,31.547,32.656,32.887,32.936,33.084,33.182,33.149,33.149,33.281,33.379,33.051,32.92,32.887,32.936,33.362,34.194,34.697,34.632,34.535,34.567,34.567,34.162,34.227,34.389,34.356,33.559,33.248,33.428,33.624,33.689,33.738,33.771,33.787,33.722,33.787,33.918,33.885,33.918,33.918,33.852,33.885,33.934,33.901,33.803,33.771,33.755,33.82,33.852,33.787,33.787,33.869,33.901,33.901,33.901,33.966,34.048,34.064,34.097,34.097,34.113,34.162,34.145,34.194,34.162,34.178,34.275,34.34,34.6,34.777,34.874,34.891,34.923,34.891,34.971,35.068,35.165,35.261,35.31,35.31,35.31,35.39,35.454,35.615,35.871,35.967,35.935,35.903,36.063,36.047,36.207,36.43,36.621,36.733,37.034,37.335,38.044,38.295,38.624,37.918,36.86,36.637,36.621,37.129,40.377,45.901,47.13,44.167,40.67,39.543,39.154,38.921,38.78,38.64,38.421,38.185,38.028,37.966,37.903,37.871,37.871,37.871,37.887,37.855,37.792,37.792,37.808,37.808,37.824,37.84,37.871,37.855,37.824,37.808,37.792,37.808,37.871,38.044,37.966,37.855,37.824,37.84,37.808,37.808,37.808,37.792,37.745,37.666,37.619,37.509,37.477,37.398,37.398,37.461,37.729,37.714,37.792,37.918,37.887,37.981,37.95,37.84,37.871,37.871,37.95,37.887,37.934,37.792,37.761,37.808,37.682,37.398,36.812,36.574,36.812,37.588,39.853,41.466,40.531,39.045,39.976,41.298,40.208,39.605,39.465,38.983,39.729,37.493,34.858,35.503,35.519,34.373,34.907,36.86,37.714,36.637,37.177,38.374,37.761,37.066,38.028,38.702,37.177,37.066,38.593,38.64,37.761,38.546,39.527,37.997,37.619,39.014,39.03,37.603,37.997,39.201,37.824,37.288,38.561,38.593,37.288,37.335,38.624,37.651,36.446,37.446,37.887,36.621,36.319,37.777,36.955,34.648,34.567,36.303,36.143,34.713,34.6,33.493,33.477,35.181,36.733,35.133,34.907,36.542,36.59,34.923,36.031,36.51,35.133,34.729,35.743,35.711,35.229,35.839,36.287,35.438,34.842,35.743,35.567,34.68,35.181,35.615,34.454,34.405,35.181,34.648,34.015,34.373,34.567,34.064,33.82,34.031,33.803,33.461,33.852,34.162,33.313,32.425,32.491,33.215,33.067,33.166,33.182,32.969,32.524,31.796,31.047,30.595,30.309,29.516,29.448,29.363,29.244,29.227,29.125,29.023,28.972,28.938,28.989,28.955,28.938,28.955,28.972,28.955,28.955,28.921,28.784,28.716,28.784,28.716,28.682
,29.566,29.583,29.583,29.634,29.989,30.528,30.88,30.947,30.947,30.913,31.547,32.706,32.969,32.969,33.1,33.281,33.313,33.362,33.82,34.015,33.428,33.018,32.92,32.985,33.297,34.113,34.68,34.583,34.454,34.502,34.324,33.999,34.777,35.31,35.084,33.722,33.067,33.248,33.362,33.248,33.248,33.346,33.428,33.395,33.559,33.673,33.706,33.787,33.755,33.673,33.738,33.771,33.82,33.771,33.836,33.901,33.918,33.918,33.852,33.901,34.064,34.064,34.031,34.031,34.097,34.227,34.275,34.292,34.308,34.324,34.34,34.454,34.438,34.454,34.47,34.502,34.616,34.826,34.891,34.939,34.955,34.955,34.971,34.955,34.939,34.987,35.133,35.213,35.181,35.197,35.294,35.374,35.454,35.454,35.487,35.487,35.631,35.727,35.791,35.951,36.079,36.191,36.446,36.796,37.351,38.138,38.421,38.843,38.358,37.272,36.78,36.717,37.113,39.589,43.958,45.694,43.973,40.654,39.636,39.279,38.999,38.78,38.593,38.452,38.264,38.091,38.044,38.013,37.966,37.95,37.903,37.871,37.855,37.808,37.792,37.792,37.808,37.84,37.871,37.887,37.871,37.84,37.824,37.84,37.855,37.887,37.966,37.918,37.871,37.887,37.871,37.824,37.824,37.777,37.761,37.714,37.635,37.588,37.493,37.367,37.303,37.351,37.303,37.509,37.509,37.524,37.588,37.509,37.477,37.493,37.477,37.509,37.651,37.729,37.871,37.903,37.934,37.84,37.745,37.682,37.477,37.161,37.034,36.907,37.556,39.853,41.512,40.562,38.718,38.905,39.729,38.952,38.967,39.014,37.997,38.405,36.891,34.777,35.551,35.567,34.373,34.794,36.239,36.844,35.999,36.303,37.193,36.749,36.287,36.876,37.272,36.414,36.478,37.414,37.224,36.446,36.939,37.698,36.733,36.335,37.272,37.461,36.542,36.78,37.461,36.43,36.255,37.224,37.272,36.383,36.367,37.335,36.685,36.031,37.003,37.382,36.319,36.143,37.398,36.542,34.616,34.616,36.095,36.079,34.777,34.616,33.411,33.477,35.47,36.86,35.503,35.294,37.129,37.018,35.245,36.558,37.145,35.647,35.791,37.145,36.828,36.111,36.86,37.382,36.414,36.111,37.603,37.24,35.775,36.78,37.319,36.047,35.775,37.177,36.637,35.454,36.143,36.558,35.551,34.923,35.229,35.02,34.535,34.987,35.229,33.934,32.541,32.59,33.231,33.166,33.084,32.952,32.607,32.161,31.713,31.231,30.779,30.158,29.482,29.38,29.397,29.329,29.244,29.125,29.023,28.938,28.887,28.972,29.006,28.921,28.904,28.938,28.904,28.921,28.87,28.733,28.75,28.784,28.631,28.648
,29.634,29.617,29.668,29.736,29.922,30.376,30.763,30.846,30.88,30.947,31.547,32.755,32.985,32.952,33.166,33.395,33.477,33.526,33.787,34.162,33.689,33.493,33.95,34.162,34.259,34.551,34.713,34.567,34.438,34.405,34.08,33.869,35.116,35.775,35.197,33.673,33.051,33.035,32.985,33.051,33.231,33.051,32.821,32.903,33.166,33.051,32.936,32.936,33.1,33.018,32.936,32.903,32.985,32.985,32.985,33.051,33.1,33.1,33.133,33.297,33.444,33.51,33.575,33.624,33.608,33.771,33.852,33.836,33.934,33.983,34.194,34.178,34.308,34.454,34.47,34.583,34.81,34.842,34.842,34.987,35.084,35.165,35.294,35.342,35.261,35.406,35.647,35.695,35.807,35.791,35.775,35.887,35.711,35.454,35.438,35.39,35.39,35.567,35.663,35.791,35.935,36.175,36.891,38.358,39.139,39.108,39.045,39.03,38.358,37.288,36.891,36.891,37.098,37.666,38.936,39.961,40.3,39.822,39.481,39.248,39.045,38.936,38.905,38.702,38.405,38.185,38.076,38.044,38.028,37.981,37.903,37.855,37.84,37.808,37.792,37.792,37.824,37.855,37.871,37.855,37.824,37.808,37.792,37.792,37.808,37.855,37.903,37.934,37.934,37.966,37.934,37.918,37.918,37.855,37.777,37.714,37.682,37.603,37.572,37.477,37.398,37.493,37.461,37.556,37.635,37.666,37.651,37.651,37.619,37.745,37.635,37.635,37.84,38.091,38.608,38.889,39.185,39.17,39.108,38.999,38.655,38.358,38.107,37.682,37.855,39.961,41.512,40.516,38.311,37.572,37.887,38.013,39.014,39.698,38.076,36.939,35.951,34.697,35.631,35.679,34.567,35.422,37.335,37.966,36.685,37.129,38.327,37.588,36.987,37.761,38.248,37.034,37.24,38.389,37.95,37.082,37.714,38.405,37.177,36.701,37.588,37.619,36.764,37.208,37.792,36.669,36.175,36.828,36.796,35.951,35.919,36.574,36.063,35.47,35.967,36.063,35.261,35.261,35.775,35.47,34.421,34.729,36.127,36.111,35.052,34.632,33.215,33.018,33.82,34.324,33.722,34.048,35.068,34.729,34.162,34.939,35.374,34.713,35.052,35.983,35.887,35.358,35.871,36.351,35.599,35.679,37.161,36.59,35.31,36.59,37.288,35.903,35.839,37.288,36.526,35.695,36.653,36.812,35.615,35.887,36.478,35.615,35.133,35.839,35.647,34.47,32.92,32.656,33.215,33.1,33.215,32.837,31.796,31.014,30.796,30.662,30.461,30.141,29.549,29.397,29.363,29.312,29.227,29.21,29.108,28.955,28.921,28.972,29.023,28.921,28.921,28.904,28.836,28.836,28.853,28.819,28.75,28.733,28.648,28.648
,29.668,29.651,29.702,29.989,30.191,30.528,30.846,30.896,30.896,31.03,31.547,32.458,32.903,32.952,33.199,33.542,33.706,33.755,34.097,34.227,33.559,34.08,35.1,35.438,35.294,34.907,34.632,34.551,34.438,34.292,33.852,33.591,34.292,34.616,34.064,33.1,32.854,32.887,33.051,33.983,34.971,34.47,33.346,33.313,34.389,34.275,33.591,32.952,33.803,33.755,33.493,32.985,33.411,33.738,33.591,33.067,32.969,33.542,33.64,33.149,32.607,32.524,32.64,32.508,32.376,32.392,32.343,32.211,32.244,32.277,32.376,32.31,32.359,32.475,32.491,32.557,32.722,32.821,32.788,33.1,33.264,33.379,33.771,34.048,34.21,34.373,34.438,34.502,34.794,35.068,35.181,35.503,35.727,35.326,35.02,35.1,35.294,35.615,35.631,35.727,35.871,36.047,37.335,40.069,40.608,39.201,39.512,39.775,38.452,37.934,37.966,37.698,37.524,37.398,37.446,38.013,38.874,39.434,39.496,39.496,39.62,41.007,42.696,42.317,40.639,38.952,39.217,39.961,40.1,40.007,39.899,39.837,39.806,39.76,39.744,39.744,39.512,39.31,39.248,39.185,39.123,39.03,38.967,38.827,38.749,38.655,38.561,38.546,38.421,38.358,38.264,38.076,38.044,37.966,37.824,37.714,37.714,37.619,37.572,37.493,37.43,37.54,37.461,37.54,37.588,37.588,37.603,37.603,37.603,37.682,37.666,37.666,37.729,37.997,38.389,38.733,38.905,38.967,38.999,38.999,38.858,38.718,38.561,38.076,38.076,40.084,41.603,40.608,38.076,36.749,36.59,36.51,37.382,39.014,38.17,36.047,34.987,34.583,35.743,35.743,34.713,35.823,37.95,38.53,37.05,37.698,39.17,38.358,37.666,38.718,39.31,37.714,38.091,39.698,39.108,37.997,38.874,39.667,38.028,37.903,39.076,38.796,37.808,38.342,38.999,37.572,37.272,38.295,38.028,36.971,37.113,37.918,37.098,36.399,37.382,37.477,36.43,36.207,37.018,36.303,34.486,34.745,36.207,36.143,34.939,34.486,33.264,33.264,35.004,35.519,34.405,34.486,35.807,35.47,34.389,35.245,35.47,34.81,34.907,35.39,35.229,34.794,34.987,35.1,34.648,34.664,35.213,34.907,34.356,34.486,34.68,34.227,33.983,34.891,34.551,34.227,34.632,34.454,34.097,34.373,34.81,34.567,34.194,34.421,34.616,33.869,32.59,32.607,33.067,33.149,33.362,32.788,31.697,31.014,30.83,30.679,30.477,30.141,29.566,29.533,29.414,29.261,29.193,29.176,29.125,29.023,28.972,28.972,29.006,28.921,28.904,28.921,28.887,28.836,28.784,28.75,28.665,28.699,28.665,28.665
,29.583,29.617,29.6,29.82,30.09,30.461,30.779,30.913,30.98,31.08,31.846,32.706,32.936,32.936,33.084,33.297,33.411,33.493,33.787,33.624,33.493,34.194,35.454,35.903,35.39,34.842,34.648,34.519,34.405,34.243,33.64,33.428,33.722,33.755,33.313,32.739,32.689,32.722,33.1,34.648,36.207,35.631,33.934,33.901,35.807,35.839,34.81,33.411,34.761,34.955,34.616,33.461,34.6,35.807,35.791,34.551,34.194,35.871,36.383,34.826,33.149,33.182,33.231,32.673,32.425,32.425,32.326,32.161,32.128,32.095,32.293,32.277,32.326,32.293,32.359,32.425,32.442,32.458,32.475,32.574,32.722,32.837,32.87,32.887,32.887,32.92,32.903,32.903,33.002,33.1,33.182,33.624,34.535,35.068,35.02,35.181,35.406,35.487,35.647,35.791,35.871,35.999,36.542,37.256,36.701,36.127,36.733,38.233,38.123,38.733,39.791,38.796,37.745,37.588,37.54,37.934,38.858,39.45,39.434,39.123,39.356,42.741,47.028,46.941,43.103,38.843,39.061,39.574,39.294,39.325,39.403,39.527,39.605,39.729,39.899,39.93,39.837,39.853,39.837,39.806,39.791,39.76,39.744,39.729,39.899,39.93,39.899,39.976,39.961,39.945,39.899,39.744,39.729,39.667,39.62,39.543,39.512,39.434,39.325,39.185,39.123,39.123,38.952,38.967,38.905,38.827,38.78,38.624,38.389,38.421,38.436,38.405,38.295,38.248,38.311,38.436,38.405,38.358,38.358,38.436,38.342,38.123,37.934,37.714,38.17,40.347,41.832,40.639,38.154,36.907,36.175,35.197,35.02,35.823,35.855,35.052,34.389,34.519,35.855,35.775,34.745,35.487,36.796,37.066,36.255,36.526,37.303,36.971,36.685,37.493,37.84,36.891,37.272,38.452,38.358,37.651,38.201,38.608,37.335,37.446,38.702,38.499,37.524,38.107,38.811,37.556,37.603,38.718,38.436,37.351,37.524,38.421,37.382,36.685,38.044,38.091,36.923,36.749,37.745,36.86,34.664,34.81,36.303,36.143,34.842,34.535,33.166,33.493,35.823,36.669,35.261,35.326,37.272,36.907,35.615,36.876,37.319,35.999,36.255,37.351,36.796,36.063,36.844,37.303,36.207,35.935,37.193,36.764,35.727,36.446,36.812,35.503,35.438,36.223,35.567,34.971,35.679,35.47,34.519,34.47,34.648,34.34,33.966,33.983,34.048,33.346,32.475,32.524,33.199,33.33,33.395,33.018,31.83,31.03,30.863,30.712,30.544,30.107,29.685,29.448,29.346,29.227,29.142,29.142,29.091,29.006,28.989,28.989,28.938,28.904,28.921,28.87,28.853,28.784,28.75,28.733,28.682,28.699,28.631,28.648
,29.6,29.533,29.549,29.77,29.955,30.662,31.447,31.497,31.214,31.68,32.078,32.952,33.002,32.952,33.035,33.149,33.182,33.231,33.264,33.182,33.199,34.21,35.599,35.967,35.277,34.729,34.632,34.486,34.356,34.162,33.657,33.608,34.777,35.1,34.421,33.084,32.722,32.689,32.821,34.048,35.406,35.1,33.852,33.869,35.631,35.695,34.583,33.281,34.421,34.745,34.389,33.313,34.535,36.015,36.047,34.745,34.421,36.239,36.828,34.987,33.182,33.297,33.297,32.673,32.425,32.475,32.343,31.946,31.996,32.111,32.277,32.211,32.227,32.26,32.359,32.326,32.293,32.343,32.458,32.607,32.788,32.92,32.936,33.117,33.067,32.821,32.755,32.821,32.87,32.656,32.656,33.035,33.869,34.923,34.955,35.068,35.31,35.551,35.679,35.775,35.871,35.999,36.478,36.78,35.631,34.923,35.711,37.635,38.718,40.239,40.608,39.419,38.013,38.889,39.945,39.93,39.744,39.853,39.185,38.561,38.811,42.892,47.987,48.218,43.883,38.827,38.436,38.076,38.421,39.217,39.123,38.702,38.718,39.217,39.388,38.936,38.499,38.546,38.561,38.483,38.342,38.295,38.295,38.28,38.389,38.436,38.515,38.561,38.53,38.483,38.452,38.546,38.608,38.577,38.624,38.624,38.64,38.64,38.483,38.53,38.546,38.687,38.608,38.608,38.624,38.64,38.936,38.889,38.843,38.858,38.921,38.983,39.045,39.108,39.201,39.279,39.325,39.341,39.294,39.372,39.325,38.687,38.076,38.028,38.405,40.47,41.847,40.885,39.185,38.201,36.828,34.923,34.405,34.664,34.68,34.421,34.129,34.583,35.983,35.807,34.907,36.015,37.382,37.493,36.542,36.78,37.509,36.939,36.605,37.524,37.635,36.844,37.034,37.698,37.572,37.113,37.493,37.698,36.812,36.637,37.493,37.319,36.51,36.891,37.303,36.51,36.319,36.971,36.78,36.111,36.207,36.621,36.127,35.727,36.414,36.574,35.839,35.791,36.605,35.999,34.324,34.745,36.239,36.175,34.858,34.551,33.1,33.248,35.036,35.775,34.729,34.826,36.844,36.351,34.907,36.637,37.161,35.631,36.303,37.588,37.034,36.287,37.193,37.682,36.51,36.367,37.698,37.129,36.063,37.24,37.461,35.887,36.175,37.588,36.367,35.535,36.685,36.558,35.406,35.855,36.414,35.631,35.277,35.871,35.551,34.08,32.541,32.706,33.346,33.215,33.231,32.26,31.264,30.93,30.93,30.846,30.511,29.888,29.6,29.448,29.295,29.176,29.108,29.091,29.074,29.023,28.989,29.006,29.006,28.921,28.887,28.819,28.801,28.767,28.767,28.767,28.699,28.682,28.682,28.58
,29.499,29.499,29.617,29.685,29.938,30.712,31.414,31.547,31.68,31.83,32.111,33.002,33.002,32.985,33.084,33.149,33.117,33.051,32.969,32.936,33.051,34.259,35.647,35.967,35.277,34.826,34.761,34.551,34.373,34.243,33.934,33.852,35.711,36.175,35.422,33.591,32.92,32.903,32.722,33.051,33.657,33.591,33.215,33.133,34.08,34.21,33.379,32.755,33.346,33.722,33.51,32.936,33.803,34.777,34.891,34.178,34.129,35.229,35.165,33.983,32.985,33.051,33.035,32.804,32.442,32.508,32.359,32.095,32.095,32.128,32.277,32.178,32.194,32.26,32.442,32.359,32.293,32.359,32.524,32.706,32.887,32.969,33.018,33.117,33.084,32.887,32.755,32.854,32.64,32.161,32.26,32.854,33.966,34.858,34.955,35.084,35.31,35.647,35.759,35.791,35.887,36.079,36.558,36.796,35.535,34.794,35.583,37.524,38.374,39.574,40.316,39.512,39.108,42.075,45.635,44.807,42.151,40.254,39.154,38.436,38.295,41.221,45.237,45.665,42.242,38.421,38.013,37.84,40.931,44.286,43.674,41.022,39.992,42.333,43.539,41.771,39.636,40.177,40.9,39.945,38.358,38.342,38.936,38.874,38.264,37.871,38.921,39.791,38.967,37.934,38.327,38.921,38.858,37.855,37.745,38.983,39.372,38.53,37.367,37.981,38.53,38.515,37.808,37.777,38.233,38.264,38.028,37.745,38.154,38.358,38.107,37.619,37.619,37.792,37.84,37.855,37.95,38.013,38.013,38.076,38.436,38.593,38.044,38.358,38.749,40.7,41.877,41.298,40.608,39.961,37.997,35.438,35.149,36.127,35.887,34.664,34.113,34.729,36.063,35.839,35.116,36.669,38.483,38.671,37.682,38.233,39.201,38.154,37.714,38.874,39.061,37.745,38.154,39.294,38.655,37.997,38.78,39.076,37.777,37.824,38.655,38.154,37.382,37.903,38.389,37.193,37.066,37.84,37.43,36.78,36.987,37.272,36.574,36.127,36.637,36.478,35.919,35.887,36.43,35.823,34.438,34.697,36.319,36.271,34.971,34.551,33.182,33.166,34.275,34.955,33.787,33.966,34.955,34.745,34.048,34.729,34.858,34.389,34.697,35.1,34.987,34.81,35.229,35.535,35.036,34.987,35.791,35.663,35.036,35.759,36.063,35.036,35.615,36.462,35.919,35.277,35.999,36.191,35.116,35.615,36.335,35.583,35.052,35.663,35.599,34.031,32.772,32.821,33.379,33.346,33.313,32.161,31.364,31.08,30.863,30.645,30.393,30.107,29.583,29.312,29.312,29.176,29.108,29.057,29.057,29.057,29.074,29.125,28.989,28.921,28.853,28.819,28.767,28.784,28.767,28.716,28.716,28.767,28.648,28.631
,29.482,29.533,29.583,29.634,29.871,30.175,30.528,30.88,31.014,31.264,31.962,33.018,33.018,32.952,33.051,33.1,33.051,33.051,33.018,32.92,33.067,34.292,35.599,36.031,35.406,34.971,34.939,34.632,34.421,34.373,34.129,34.145,35.519,35.919,35.277,33.836,33.248,33.493,33.559,33.395,33.395,33.281,33.199,33.199,33.133,33.33,33.117,33.018,33.1,33.1,33.067,33.018,33.1,33.215,33.281,33.33,33.395,33.379,33.231,33.084,32.887,32.936,32.887,32.689,32.64,32.623,32.508,32.359,32.194,32.211,32.359,32.359,32.326,32.343,32.359,32.409,32.409,32.409,32.491,32.722,32.92,33.002,33.051,33.1,33.067,32.985,32.903,32.936,32.903,32.689,32.788,33.297,34.227,34.955,34.971,35.084,35.294,35.615,35.823,35.903,35.983,36.159,36.605,36.749,35.487,34.745,35.631,37.461,37.666,37.997,38.687,38.561,39.03,43.223,47.639,46.37,42.65,40.424,39.123,38.374,38.013,39.279,41.283,41.42,39.698,38.311,37.997,37.903,41.923,46.312,46.048,42.439,40.961,44.227,45.739,43.584,40.685,42.044,43.509,42.211,39.62,39.372,40.839,41.007,39.558,38.749,40.762,42.408,41.022,38.561,39.698,41.328,41.283,39.061,38.624,41.725,43.088,41.512,37.934,40.115,41.756,41.801,39.03,39.341,42.665,42.635,40.331,38.201,41.298,42.105,40.792,38.013,38.091,38.78,38.733,37.934,38.013,38.936,39.139,38.217,37.193,37.745,37.777,38.28,38.936,40.931,42.06,41.634,41.374,40.915,38.702,36.127,36.175,37.556,36.828,35.116,34.243,34.729,36.047,35.807,35.133,36.43,38.154,38.405,37.509,38.17,39.03,38.06,37.729,38.889,39.232,38.013,38.671,40.084,39.294,38.515,39.481,39.822,38.28,38.515,39.481,39.03,38.06,38.608,39.217,37.792,37.887,39.045,38.608,37.603,37.918,38.468,37.351,36.939,37.871,37.509,36.701,37.018,37.666,36.764,34.939,35.133,36.558,36.159,34.971,34.567,33.231,33.526,35.615,36.303,35.149,35.374,36.987,36.111,35.39,36.558,36.685,35.39,35.887,36.701,35.983,35.454,36.271,36.526,35.647,35.438,36.111,35.871,35.036,35.743,35.551,34.632,34.567,34.971,34.713,34.227,34.648,34.535,34.162,34.129,34.178,33.852,33.591,33.803,33.885,33.149,32.425,32.903,33.362,33.215,33.281,32.425,31.564,31.147,30.98,30.712,30.259,29.888,29.516,29.38,29.312,29.227,29.125,29.074,29.074,29.108,29.108,29.074,28.989,28.921,28.853,28.784,28.801,28.801,28.75,28.716,28.75,28.716,28.648,28.682
,29.499,29.533,29.6,29.634,29.753,29.938,30.158,30.41,30.595,30.729,31.697,32.969,32.985,32.952,33.1,33.133,33.1,33.084,33.002,33.035,33.1,34.373,35.695,36.207,35.663,35.149,35.004,34.648,34.389,34.324,34.162,34.275,34.632,34.745,34.486,33.901,33.526,33.755,34.064,34.048,34.113,34.064,33.934,34.048,33.983,34.162,34.178,34.097,34.21,34.064,34.08,33.983,33.934,33.901,33.966,34.048,34.048,33.934,33.787,33.771,33.673,33.673,33.575,33.411,33.542,33.542,33.477,33.264,33.018,33.002,33.067,33.035,32.92,32.936,32.952,32.903,32.936,33.002,33.084,33.33,33.428,33.444,33.444,33.428,33.461,33.51,33.51,33.444,33.346,33.33,33.395,34.031,34.987,35.116,35.068,35.261,35.599,35.743,35.871,35.983,36.031,36.207,36.685,37.018,35.791,34.842,35.503,37.113,37.43,37.493,37.635,37.887,39.279,43.659,47.914,46.605,42.62,40.362,39.294,38.593,38.936,42.529,46.106,45.163,41.39,38.405,38.044,38.044,41.435,44.941,45.015,41.938,40.869,44.152,45.768,43.584,40.731,42.529,44.881,44.122,40.777,40.7,43.494,44.018,41.267,39.791,42.59,44.54,42.982,39.589,41.344,43.733,43.943,40.362,39.651,43.569,44.525,42.484,38.515,41.573,43.178,43.554,40.069,40.439,45.724,45.606,42.665,39.076,44.092,45.621,44.003,39.092,39.496,40.946,40.608,38.936,38.858,41.145,41.908,40.208,37.224,37.446,37.729,38.201,38.999,41.068,42.105,41.756,41.557,41.191,38.811,36.207,36.383,37.871,37.177,35.839,34.891,35.052,36.175,35.807,35.02,35.855,37.288,37.398,36.526,36.876,37.461,36.78,36.621,37.524,37.714,36.923,37.54,38.436,37.903,37.367,37.824,38.076,37.193,37.335,38.138,37.808,37.113,37.666,38.091,37.098,37.129,38.217,38.028,37.066,37.367,37.918,36.987,36.733,37.903,37.603,36.653,37.018,37.666,36.764,34.987,35.519,36.51,35.759,35.036,34.454,33.182,33.591,36.111,36.796,35.519,36.175,37.761,36.923,35.887,37.367,37.524,35.887,36.86,37.934,37.161,36.494,37.524,37.792,36.733,36.78,37.698,37.098,36.111,37.161,37.24,35.711,36.095,37.398,36.271,35.551,36.367,36.351,35.807,35.871,35.887,35.1,34.713,35.181,35.052,33.722,32.656,33.215,33.248,33.313,33.231,32.392,31.481,30.93,30.763,30.779,30.528,29.803,29.617,29.431,29.227,29.21,29.091,29.091,29.074,29.074,29.125,29.091,28.989,28.955,28.904,28.801,28.75,28.716,28.682,28.682,28.682,28.648,28.597,28.648
,29.482,29.533,29.566,29.668,29.82,30.04,30.259,30.41,30.528,30.612,31.747,32.903,32.936,32.952,33.1,33.166,33.117,33.067,33.051,33.084,33.231,34.454,35.775,36.319,35.919,35.374,35.036,34.664,34.421,34.292,34.097,34.048,33.966,33.869,33.82,33.755,33.64,33.624,33.673,33.706,33.82,33.755,33.722,33.836,33.983,34.162,34.129,34.194,34.227,34.097,34.178,34.178,34.129,34.21,34.292,34.324,34.389,34.438,34.373,34.519,34.551,34.616,34.583,34.583,34.648,34.745,34.551,34.761,34.664,34.81,34.907,34.955,34.891,34.794,34.745,34.874,34.842,34.858,34.858,34.971,35.149,35.197,35.294,35.358,35.47,35.535,35.487,35.406,35.406,35.47,35.551,35.871,36.223,35.919,35.487,35.551,35.679,35.855,35.967,36.015,36.111,36.303,36.955,37.303,35.983,35.02,35.535,37.05,37.446,37.477,37.414,37.603,39.45,44.465,48.045,46.634,42.575,40.254,39.419,38.78,39.481,44.137,48.622,47.378,42.62,38.749,38.671,38.358,39.108,40.084,40.285,39.682,39.481,40.562,41.283,40.424,39.372,39.992,40.961,40.9,39.45,39.605,41.221,41.649,40.1,39.232,40.869,42.227,41.466,39.356,40.501,42.317,42.696,40.007,39.325,42.166,43.178,41.542,38.624,41.145,42.439,43.133,39.93,40.377,45.163,45.015,42.348,39.248,43.973,45.665,44.033,39.263,39.791,41.466,40.977,39.045,39.045,42.029,42.59,40.808,37.351,37.509,37.682,38.138,38.874,40.808,41.801,41.481,41.344,40.777,38.468,36.239,36.414,37.95,37.729,37.335,36.015,35.294,36.287,35.759,34.971,36.287,38.17,38.013,36.86,37.745,38.671,37.635,37.382,38.311,38.515,37.651,38.687,39.682,38.671,37.981,38.436,38.593,37.524,37.43,38.217,37.777,37.129,37.43,37.524,36.733,36.749,37.319,36.955,36.159,36.255,36.605,36.015,35.695,36.223,36.047,35.551,35.631,35.903,35.519,34.777,35.535,36.478,35.887,35.084,34.535,33.166,32.87,34.194,34.826,34.227,35.004,36.063,35.615,34.761,35.743,36.079,35.229,36.063,37.003,36.303,35.743,36.733,37.145,36.255,36.51,37.729,37.098,36.063,37.256,37.477,35.903,36.43,37.729,36.399,35.823,36.526,36.399,35.727,36.079,36.367,35.487,35.245,35.983,35.535,33.918,33.149,33.395,33.313,33.362,33.313,32.326,31.364,30.947,30.913,30.93,30.763,30.292,29.482,29.448,29.465,29.227,29.125,29.091,29.108,29.091,29.074,29.108,29.006,28.938,28.87,28.836,28.767,28.699,28.665,28.682,28.733,28.631,28.648,28.631
,29.499,29.533,29.634,29.736,29.837,30.073,30.259,30.292,30.528,30.679,31.647,32.837,32.903,32.952,33.117,33.215,33.182,33.117,33.149,33.215,33.297,34.535,35.919,36.367,35.935,35.422,35.149,34.826,34.551,34.567,34.454,34.178,34.21,34.097,34.145,34.129,34.064,33.95,33.869,33.901,33.934,33.803,33.722,33.803,33.934,34.097,34.048,33.999,34.08,33.95,33.918,33.787,33.852,33.934,33.95,33.918,33.885,33.934,33.869,33.787,33.869,33.999,33.836,33.885,33.966,34.145,34.145,34.129,33.983,34.08,34.129,34.162,34.324,34.454,34.454,34.664,34.794,34.81,34.858,34.923,35.068,35.245,35.406,35.551,35.711,35.839,35.919,35.903,35.919,36.159,36.383,36.414,36.446,36.223,35.903,35.743,35.855,35.935,36.031,36.127,36.239,36.383,37.193,38.28,37.934,37.161,37.256,37.682,37.509,37.335,37.414,37.588,39.45,44.525,48.117,46.693,42.982,40.823,39.729,39.543,40.146,44.152,48.507,47.61,43.058,39.201,39.682,40.624,40.562,40.454,40.424,40.424,40.331,40.393,40.347,40.115,39.93,39.899,39.93,39.93,39.605,39.496,39.744,39.822,39.45,39.092,39.279,39.589,39.481,39.108,39.325,39.961,40.038,39.217,38.983,39.62,39.961,39.388,38.577,39.17,39.496,39.992,38.858,38.999,40.792,40.915,39.62,38.718,40.254,41.221,40.67,38.436,38.608,39.589,39.325,38.138,38.342,39.976,40.254,39.201,37.288,37.651,37.714,38.138,38.405,40.007,41.206,40.731,40.485,40.023,38.436,37.224,37.24,38.765,39.185,38.905,36.86,35.599,36.462,35.775,34.939,36.558,38.733,38.546,37.129,38.374,39.574,38.468,38.201,39.419,39.574,38.64,40.485,42.348,40.454,38.905,39.589,39.806,38.327,38.483,39.496,38.827,38.06,38.53,38.749,37.572,37.777,38.64,38.154,37.24,37.477,37.997,37.034,36.574,37.524,37.303,36.558,36.812,37.335,36.383,34.874,35.551,36.51,36.159,35.326,34.551,33.379,33.526,35.133,35.791,34.486,35.02,36.319,35.567,34.648,35.583,35.711,34.907,35.406,35.711,35.261,35.052,35.422,35.39,34.987,35.181,35.759,35.615,34.939,35.31,35.519,34.874,34.987,35.454,34.81,34.454,34.874,34.858,34.454,34.81,35.036,34.664,34.519,34.794,34.535,33.477,33.067,33.477,33.264,33.33,33.379,32.392,31.431,30.947,30.896,30.88,30.511,29.888,29.685,29.38,29.261,29.193,29.159,29.142,29.125,29.108,29.091,29.04,28.904,28.921,28.853,28.801,28.767,28.699,28.631,28.58,28.597,28.631,28.597,28.631
,29.533,29.566,29.617,29.753,29.837,30.023,30.191,30.225,30.444,30.763,31.73,32.87,32.936,32.936,33.117,33.264,33.264,33.281,33.264,33.33,33.411,34.826,35.967,36.383,36.127,35.759,35.422,35.004,34.907,35.487,35.551,35.422,35.084,34.777,35.229,35.374,35.149,34.761,34.664,34.955,34.987,34.729,34.34,34.68,34.858,34.81,34.664,34.324,34.729,34.761,34.664,34.389,34.34,34.535,34.697,34.551,34.227,34.21,34.421,34.34,34.243,34.178,34.259,34.438,34.356,34.405,34.292,34.438,34.373,34.292,34.21,34.259,34.438,34.47,34.438,34.454,34.616,34.632,34.761,34.761,34.713,34.858,35.052,35.116,35.165,35.165,35.229,35.374,35.406,35.454,35.631,35.855,35.871,35.871,35.887,35.855,35.983,36.063,36.111,36.191,36.319,36.478,36.891,37.43,38.28,38.546,38.217,38.076,37.714,37.477,37.43,37.619,39.806,45.044,48.175,46.809,43.193,40.9,39.791,39.76,39.853,40.777,42.151,41.999,40.67,39.512,39.775,40.624,41.068,41.176,41.221,41.191,41.328,41.542,41.603,41.679,41.695,41.649,41.634,41.649,41.603,41.557,41.512,41.42,41.283,41.176,41.053,41.114,41.145,41.068,41.007,41.053,41.007,40.808,40.731,40.67,40.608,40.501,40.393,40.377,40.439,40.084,40.146,39.822,40.023,40.084,39.62,39.403,39.465,39.605,39.574,39.014,38.858,39.061,39.014,38.655,38.593,38.858,38.687,38.185,37.556,37.84,37.824,38.091,38.342,39.992,41.206,40.439,39.574,39.139,38.421,38.185,38.483,39.682,40.316,39.667,36.939,35.679,36.558,35.743,34.664,35.438,36.717,36.796,36.239,37.351,38.358,37.477,37.288,38.327,38.608,37.997,39.868,42.075,40.47,38.749,39.185,39.372,38.06,38.389,39.527,38.983,38.233,38.765,39.154,37.871,38.06,39.139,38.796,38.17,38.499,38.796,37.997,37.855,38.655,38.17,37.272,37.745,38.499,37.145,34.858,35.39,36.43,36.191,35.583,34.923,33.575,33.983,36.351,36.764,35.374,36.271,37.934,36.907,35.839,37.666,38.028,36.335,37.714,38.201,37.098,36.478,37.335,37.319,36.207,36.399,37.414,36.923,36.063,36.764,37.034,35.503,35.871,36.637,35.839,34.874,35.149,35.004,34.454,34.567,34.729,34.356,34.162,34.308,33.983,33.248,33.199,33.493,33.461,33.379,33.33,32.475,31.614,31.347,31.247,30.963,30.578,30.006,29.533,29.414,29.21,29.193,29.091,29.108,29.108,29.091,29.04,28.938,28.887,28.836,28.836,28.836,28.767,28.699,28.665,28.631,28.631,28.631,28.631,28.682
,29.566,29.566,29.634,29.651,29.803,30.023,30.208,30.292,30.36,30.628,31.747,32.854,32.952,32.952,33.149,33.477,33.722,33.722,33.738,33.722,33.722,34.697,35.727,36.239,36.303,36.159,35.727,35.1,35.326,36.255,36.367,36.478,35.695,35.422,36.063,36.414,36.143,35.551,35.663,36.414,36.43,36.063,35.245,35.567,36.079,35.935,35.438,34.955,35.903,36.095,36.095,35.438,35.084,35.438,35.727,35.503,35.133,35.213,35.599,35.551,35.47,35.165,35.374,35.647,35.551,35.47,35.294,35.663,35.631,35.535,35.1,35.149,35.679,35.791,35.535,35.1,35.503,35.823,35.807,35.535,35.31,35.647,35.903,35.951,35.727,35.615,35.791,35.823,35.839,35.839,35.935,36.143,36.159,36.207,36.223,36.351,36.351,36.446,36.621,36.733,36.955,37.066,37.619,38.185,38.389,38.624,38.342,38.138,37.903,37.682,37.761,38.17,40.208,45.222,47.9,45.915,42.575,40.777,39.822,39.698,39.481,39.496,39.62,39.605,39.356,39.139,39.139,39.248,39.434,39.574,39.589,39.667,39.682,39.713,39.791,39.899,40.053,40.146,40.27,40.377,40.362,40.347,40.331,40.362,40.501,40.408,40.547,40.808,41.206,41.283,41.221,41.176,40.854,41.084,40.977,41.038,41.145,41.038,41.114,41.298,41.237,41.283,41.359,41.313,41.298,41.298,41.145,41.007,40.977,40.9,40.885,40.762,40.593,40.439,40.362,40.331,40.285,40.3,40.1,39.636,38.64,37.887,37.95,38.185,38.076,38.983,40.177,40.069,39.076,38.702,38.546,39.232,40.023,40.777,41.313,40.146,36.891,35.823,36.701,35.567,34.421,34.486,34.907,35.551,35.935,36.351,36.574,36.319,36.271,36.558,36.764,36.701,37.367,38.185,37.792,37.208,37.224,37.224,36.844,37.288,37.903,37.792,37.603,37.871,38.044,37.477,37.918,39.03,39.232,38.967,38.936,38.936,38.671,38.342,37.903,37.066,36.446,36.907,37.509,36.51,34.777,35.197,36.351,36.319,35.711,35.036,33.608,33.885,35.983,36.399,34.616,36.159,37.934,36.987,35.983,38.17,39.108,36.812,38.013,38.702,37.382,36.955,37.966,37.934,36.685,36.955,38.17,37.367,36.494,37.556,37.603,36.111,36.733,37.129,36.319,35.551,36.367,36.047,35.342,35.759,36.015,35.261,35.149,35.759,35.277,33.771,33.166,33.362,33.395,33.33,33.313,32.557,31.763,31.297,31.197,31.147,30.628,29.77,29.448,29.346,29.193,29.278,29.21,29.04,29.04,29.04,28.972,28.938,28.972,28.87,28.784,28.75,28.648,28.648,28.682,28.648,28.631,28.682,28.682,28.631
,29.566,29.549,29.617,29.668,29.803,29.989,30.124,30.225,30.36,30.528,31.713,32.936,33.002,32.952,33.231,33.706,34.097,34.162,34.08,34.243,34.21,34.519,35.1,35.47,35.583,35.647,35.438,34.987,35.277,36.127,36.494,36.51,35.727,35.47,36.095,36.574,36.494,35.855,36.015,37.129,37.177,36.812,35.823,35.935,36.574,36.558,35.791,35.39,36.59,36.876,36.891,36.143,35.855,35.903,35.887,35.839,35.679,35.679,35.903,35.759,35.759,35.374,35.583,35.887,35.935,35.695,35.47,36.191,35.855,35.855,35.342,35.695,35.919,36.015,35.855,35.695,35.983,36.207,36.239,36.079,35.823,36.223,36.526,36.383,36.191,36.319,36.86,37.066,36.891,36.605,36.86,37.666,37.224,36.717,37.319,37.871,38.78,38.733,38.295,37.887,38.967,39.775,39.76,39.356,38.796,39.076,38.499,38.327,38.091,37.966,38.013,38.389,40.977,46.18,47.828,45.266,42.302,41.053,40.562,40.839,40.624,40.239,39.667,39.822,40.115,39.93,39.589,39.263,39.419,39.527,39.481,39.434,39.45,39.512,39.496,39.481,39.465,39.527,39.775,39.899,39.806,39.651,39.605,39.589,39.605,39.651,39.713,39.713,39.883,39.961,39.883,39.868,39.667,39.667,39.574,39.651,39.682,39.682,39.713,39.837,39.744,39.93,39.914,40.007,39.961,39.945,39.992,39.93,39.93,39.837,39.822,39.899,39.883,39.868,39.589,39.419,39.527,39.636,39.713,39.543,38.889,38.123,38.28,38.138,37.855,38.374,39.217,39.279,38.952,38.921,39.325,40.362,41.206,41.618,41.771,40.408,36.955,35.903,36.764,35.599,34.389,34.275,35.116,36.605,37.509,37.824,37.903,38.013,38.013,37.981,38.013,37.997,38.076,38.185,38.201,38.185,38.154,38.154,38.17,38.749,39.232,38.749,38.577,38.999,39.076,38.952,39.139,39.465,39.558,39.388,39.154,38.999,38.921,38.515,37.682,36.78,36.239,36.51,36.812,35.919,34.745,35.294,36.414,36.399,35.999,35.229,33.787,33.084,33.411,33.608,33.493,34.243,34.81,34.664,34.405,35.165,35.887,34.923,35.679,36.095,35.503,35.374,35.903,35.919,35.551,36.111,37.066,36.796,36.287,36.844,36.955,35.967,36.111,36.971,36.828,36.446,36.637,36.287,35.599,35.631,35.743,35.197,35.245,35.903,35.487,33.918,33.084,33.379,33.346,33.362,33.33,32.227,31.181,30.578,30.158,29.905,29.786,29.617,29.448,29.312,29.363,29.244,29.159,29.193,29.108,29.04,29.04,28.972,28.904,28.784,28.733,28.682,28.648,28.614,28.597,28.631,28.682,28.648,28.597,28.665
,29.549,29.533,29.583,29.651,29.803,29.989,30.107,30.242,30.444,30.544,31.846,32.92,32.985,33.067,33.803,34.68,35.036,34.923,34.519,34.648,35.1,35.197,34.923,34.826,35.004,35.133,35.052,34.874,34.923,35.422,35.951,35.967,35.294,34.971,35.406,35.839,35.855,35.374,35.47,36.414,36.59,36.255,35.406,35.599,36.207,36.255,35.759,35.342,36.446,36.59,36.59,36.079,35.871,35.903,35.855,35.743,35.631,35.663,35.759,35.679,35.599,35.39,35.631,35.695,35.727,35.519,35.567,35.903,35.695,35.487,35.165,35.487,35.519,35.438,35.47,35.438,35.695,35.759,35.759,35.695,35.663,35.759,35.679,35.695,35.807,36.079,36.191,35.967,35.951,36.015,36.287,36.59,36.462,36.51,36.844,37.808,38.702,38.936,38.983,38.702,40.1,41.786,42.665,41.618,39.496,39.248,38.858,38.64,38.358,38.295,38.546,39.543,41.968,46.473,47.683,45.237,42.454,41.176,41.74,43.419,43.674,42.877,41.573,42.136,43.268,43.208,42.136,41.13,42.166,42.907,42.545,41.512,41.405,42.227,42.363,41.984,40.839,41.267,42.242,42.287,41.466,40.808,41.405,41.695,41.527,40.485,40.7,41.16,41.176,40.931,40.053,40.362,40.454,40.377,40.069,39.682,39.992,39.791,39.558,39.45,39.45,39.543,39.512,39.512,39.496,39.496,39.465,39.31,39.263,39.061,39.139,39.217,39.123,38.999,38.765,38.749,38.843,38.765,38.733,38.577,38.374,38.076,37.966,37.95,37.903,38.436,39.123,38.967,39.527,40.685,40.839,40.854,41.435,41.938,41.908,40.393,36.891,36.095,36.955,35.759,34.535,34.405,35.599,37.524,38.624,38.858,38.936,39.014,38.905,38.858,38.702,38.702,38.733,38.78,38.765,38.905,39.076,39.185,39.325,39.822,40.192,39.558,39.341,39.713,39.806,39.93,39.992,39.976,39.822,39.558,39.31,39.154,39.076,38.889,38.671,38.107,37.319,37.729,38.405,36.955,34.826,35.342,36.494,36.462,35.999,35.422,34.031,32.755,32.903,33.901,35.31,35.535,35.903,35.855,35.679,35.727,35.839,35.663,35.679,35.663,35.487,35.47,35.615,35.551,35.711,36.399,36.891,36.685,36.51,36.844,37.034,36.844,36.923,37.05,37.05,36.796,36.605,35.951,35.631,35.47,35.181,34.389,34.097,34.356,34.064,33.297,33.084,33.33,33.313,33.346,33.362,32.012,30.763,30.208,29.955,29.736,29.651,29.6,29.346,29.346,29.21,29.227,29.227,29.142,29.057,28.989,28.955,28.921,28.87,28.87,28.767,28.716,28.682,28.733,28.75,28.75,28.716,28.631,28.614,28.648
,29.549,29.533,29.566,29.583,29.837,30.124,30.208,30.276,30.477,30.561,31.796,32.772,32.952,33.297,34.632,36.175,36.796,36.494,35.487,35.422,36.59,36.685,36.015,35.503,35.791,36.095,35.919,35.551,35.133,35.695,35.999,35.967,35.358,35.277,35.487,35.759,35.647,35.213,35.358,36.031,36.127,35.839,35.133,35.358,36.015,36.223,36.047,35.519,35.807,36.015,36.063,35.855,35.903,35.919,35.807,35.887,35.759,35.535,35.775,35.727,35.551,35.39,35.599,35.551,35.422,35.31,35.261,35.342,35.31,35.197,35.1,35.229,35.294,35.342,35.277,35.326,35.535,35.358,35.342,35.374,35.519,35.615,35.503,35.454,35.535,35.887,35.887,35.599,35.695,35.807,35.983,36.015,35.743,36.047,36.383,36.605,36.971,37.619,38.201,38.624,39.279,40.192,40.854,40.331,39.729,39.837,39.837,39.93,39.961,40.577,41.038,41.786,43.359,46.576,47.625,45.237,42.726,41.877,44.525,47.929,48.593,47.218,44.733,45.385,46.576,45.783,44.257,43.494,45.059,45.798,45.192,43.509,43.268,44.48,44.629,43.644,42.075,42.166,42.696,42.982,42.605,42.317,42.922,43.343,43.313,41.984,42.499,43.133,43.298,43.178,41.512,42.771,43.178,43.268,42.363,41.022,42.605,42.726,42.681,41.114,41.283,42.484,42.499,41.862,39.93,41.39,41.877,41.664,40.624,39.744,40.716,40.823,40.531,39.636,39.698,39.868,39.682,39.294,38.983,39.108,38.967,38.53,38.076,38.06,38.561,39.992,40.562,40.069,40.869,42.151,41.999,41.557,41.74,42.044,42.029,40.347,36.86,36.207,37.018,35.759,34.68,34.616,35.775,37.761,38.905,39.201,39.279,39.108,38.78,38.655,38.608,38.624,38.655,38.655,38.718,38.936,39.154,39.388,39.527,39.713,39.914,39.527,39.372,39.543,39.883,40.069,40.177,40.208,39.93,39.62,39.45,39.294,39.185,39.061,38.999,38.452,37.651,38.233,39.092,37.619,35.02,35.422,36.574,36.653,36.175,35.519,34.048,32.969,33.755,35.839,37.272,37.54,37.777,37.745,37.808,37.792,37.808,37.761,37.745,37.761,37.745,37.792,37.84,37.903,38.076,38.358,38.405,37.903,37.446,37.777,37.966,37.918,37.855,37.588,37.303,36.971,36.478,35.871,35.487,35.197,34.971,34.664,34.842,35.181,34.713,33.64,33.117,33.313,33.444,33.395,33.346,32.078,30.662,30.073,29.922,29.702,29.533,29.465,29.278,29.312,29.312,29.21,29.193,29.176,29.04,28.955,28.921,28.87,28.836,28.801,28.733,28.716,28.75,28.733,28.682,28.716,28.716,28.597,28.614,28.648
,29.566,29.566,29.617,29.634,29.837,30.073,30.191,30.259,30.393,30.528,31.431,32.64,32.936,33.428,35.004,36.86,37.729,37.477,36.111,36.111,37.54,37.619,37.113,36.367,36.605,37.113,37.018,36.446,35.775,36.876,37.145,37.034,36.319,36.287,36.844,37.129,36.764,36.063,36.207,37.161,37.24,36.891,35.903,36.399,36.987,37.493,37.256,36.207,36.605,36.828,36.955,36.271,36.239,36.367,36.574,37.43,37.351,36.446,37.066,37.098,36.907,35.919,36.351,36.478,35.935,35.39,35.213,35.358,35.358,35.165,35.068,35.631,36.303,36.303,35.679,35.277,35.374,35.47,35.487,35.342,35.39,35.503,35.406,35.358,35.422,35.503,35.535,35.567,35.535,35.535,35.567,35.519,35.503,35.615,36.047,36.701,37.761,39.294,40.316,40.854,41.451,41.405,41.481,41.496,41.542,41.71,41.862,42.029,42.105,42.378,42.801,42.892,43.449,44.748,45.414,44.316,43.208,43.103,45.532,49.296,50.224,48.766,46.268,47.465,48.823,47.712,45.915,45.488,48.189,48.881,47.943,45.768,45.989,48.319,48.276,46.224,43.283,42.529,42.771,43.058,42.756,42.56,43.733,45.059,45.355,43.599,44.54,45.252,44.077,43.494,42.439,44.941,45.709,45.93,44.063,42.545,44.316,44.45,44.376,41.862,42.892,44.063,44.435,44.033,41.725,43.343,44.152,44.063,42.711,41.725,42.756,42.424,42.105,41.038,41.405,42.408,42.439,41.786,41.022,41.679,41.618,41.283,39.822,38.342,39.076,41.084,42.151,42.272,42.454,42.665,42.469,42.12,42.044,42.075,41.984,40.316,36.876,36.319,37.145,35.935,34.842,34.794,36.047,37.95,39.061,39.372,39.403,39.108,38.827,38.687,38.577,38.546,38.561,38.561,38.655,38.811,38.921,39.201,39.403,39.403,39.512,39.419,39.341,39.481,39.853,40.223,40.454,40.424,40.038,39.713,39.527,39.356,39.294,39.185,38.64,37.382,36.542,36.923,37.256,36.446,35.1,35.679,36.701,36.876,36.303,35.503,34.194,33.608,34.502,36.51,37.808,38.217,38.327,38.468,38.515,38.436,38.421,38.452,38.405,38.389,38.374,38.421,38.561,38.655,38.702,38.858,38.936,38.374,37.666,38.013,38.154,38.138,38.013,37.682,37.414,36.907,36.526,35.695,35.245,35.004,34.794,34.794,35.487,36.335,35.887,34.145,33.166,33.346,33.444,33.346,33.346,31.796,30.477,30.006,29.888,29.685,29.465,29.397,29.397,29.295,29.295,29.227,29.125,29.091,29.04,28.938,28.904,28.904,28.819,28.767,28.75,28.75,28.733,28.733,28.733,28.699,28.648,28.665,28.631,28.631
,29.583,29.583,29.668,29.702,29.786,29.938,30.09,30.276,30.41,30.595,31.281,32.59,32.92,33.362,34.955,36.844,37.682,37.493,36.159,36.191,37.493,37.572,37.224,36.383,36.574,37.161,37.129,36.59,35.951,37.098,37.382,37.477,36.494,36.462,37.367,37.651,37.272,36.43,36.351,37.351,37.603,37.272,36.207,37.319,37.761,38.358,37.934,36.637,37.288,37.682,37.792,36.828,37.018,37.351,38.028,39.868,39.806,38.295,39.589,39.496,39.45,37.414,38.64,39.154,38.076,36.031,35.919,36.191,36.159,35.967,35.695,37.903,40.577,40.3,38.217,36.335,36.78,37.303,37.193,36.351,35.839,35.695,35.487,35.438,35.503,35.711,35.807,35.583,35.422,35.454,35.47,35.245,35.133,35.406,36.063,37.509,39.976,41.786,42.408,42.665,42.771,42.952,43.073,43.163,43.223,43.253,43.283,43.404,43.539,43.569,43.599,43.659,43.853,44.077,44.257,44.361,44.257,44.152,44.406,45.029,45.488,45.414,45.029,45.192,45.576,45.444,44.955,44.658,45.429,46.15,45.93,45.148,45.163,46.15,46.488,45.591,44.197,43.898,44.152,44.182,43.733,43.883,44.51,45.118,45.296,44.092,44.926,45.635,44.822,44.167,43.449,45.591,46.561,46.693,45.089,43.778,45.827,45.974,45.562,43.088,43.793,45.222,46.341,46.136,43.088,46.297,47.421,47.159,44.955,43.778,45.532,44.092,43.298,41.679,41.908,43.208,43.253,42.56,41.908,43.208,43.733,43.163,40.9,38.64,38.967,40.7,42.227,42.741,42.756,42.605,42.302,42.09,42.044,42.014,41.938,40.254,36.987,36.749,37.367,35.951,34.971,35.1,36.287,38.044,39.076,39.356,39.356,39.17,38.889,38.733,38.53,38.452,38.452,38.515,38.64,38.765,38.858,38.999,39.248,39.434,39.651,39.605,39.512,39.62,39.791,39.976,40.023,39.899,39.76,39.682,39.574,39.465,39.341,39.232,39.045,38.154,37.335,37.824,38.107,36.701,35.213,35.871,36.891,36.923,36.399,35.679,34.34,33.869,34.567,36.733,37.981,38.405,38.499,38.749,38.655,38.64,38.546,38.561,38.468,38.483,38.561,38.593,38.655,38.624,38.64,38.28,37.808,37.761,37.666,37.808,37.934,38.076,38.044,37.871,37.382,36.78,36.223,35.535,35.116,34.794,34.664,34.583,35.004,35.695,35.358,33.885,33.313,33.428,33.428,33.444,33.084,31.647,30.494,29.989,29.803,29.549,29.346,29.346,29.312,29.295,29.159,29.108,29.108,29.057,28.989,28.938,28.904,28.836,28.75,28.784,28.733,28.75,28.767,28.716,28.699,28.733,28.699,28.58,28.597,28.597
,29.634,29.6,29.685,29.736,29.77,29.871,30.09,30.343,30.427,30.628,31.481,32.623,32.903,33.231,34.535,36.031,36.621,36.526,35.647,35.647,36.59,36.907,36.399,35.695,35.935,36.494,36.526,36.159,35.695,36.494,36.86,36.955,36.223,36.255,36.923,37.193,36.939,36.223,36.175,37.177,37.446,37.161,36.191,37.224,37.903,38.374,37.651,36.383,37.129,37.619,37.761,36.987,37.208,37.603,38.421,40.053,39.698,38.028,39.014,38.967,38.749,37.256,38.608,39.201,38.921,37.208,36.255,37.54,37.414,37.161,36.701,38.452,41.13,40.731,39.263,37.161,37.95,38.952,39.045,37.918,37.208,36.971,36.494,36.223,36.111,36.351,36.207,35.245,34.68,35.245,35.583,34.583,33.836,34.551,36.43,38.936,41.71,42.545,42.665,42.756,42.907,43.013,43.073,43.148,43.238,43.283,43.359,43.479,43.554,43.584,43.704,43.823,43.973,44.107,44.182,44.212,44.182,44.257,44.271,44.391,44.45,44.48,44.495,44.48,44.51,44.54,44.554,44.554,44.554,44.599,44.629,44.599,44.614,44.718,44.762,44.733,44.658,44.584,44.54,44.525,44.465,44.54,44.733,44.837,44.941,44.852,44.777,44.852,44.762,44.673,44.584,44.881,45.118,45.133,44.941,44.644,45.029,45,44.837,44.48,44.54,44.896,45.074,45.104,44.376,45.089,45.812,45.739,44.644,44.122,44.792,44.361,43.973,42.922,42.711,43.584,43.793,43.208,42.726,43.958,44.391,44.137,42.06,39.108,38.483,38.843,39.543,39.93,39.93,40.146,39.961,39.154,38.843,38.905,38.858,37.556,35.871,36.939,37.934,37.113,36.399,36.399,36.876,38.233,39.217,39.45,39.403,39.217,38.874,38.702,38.53,38.452,38.421,38.515,38.687,38.827,38.952,39.154,39.356,39.512,39.651,39.651,39.527,39.651,39.698,39.543,39.574,39.62,39.667,39.667,39.574,39.496,39.419,39.325,39.248,38.967,38.687,38.921,38.952,37.303,35.454,35.903,36.876,37.034,36.669,35.935,34.583,34.243,35.1,36.828,38.358,38.687,38.858,38.921,38.858,38.718,38.624,38.499,38.483,38.499,38.53,38.655,38.733,38.749,38.733,38.608,38.17,37.682,37.635,37.808,37.918,37.808,37.034,36.51,35.855,35.951,35.791,35.358,35.004,34.664,34.486,34.324,34.373,34.567,34.373,33.673,33.199,33.362,33.411,33.379,32.969,31.564,30.427,29.938,29.786,29.634,29.482,29.397,29.312,29.21,29.244,29.125,29.108,29.006,28.938,28.887,28.836,28.767,28.75,28.767,28.767,28.75,28.75,28.733,28.716,28.682,28.648,28.614,28.545,28.545
,29.651,29.651,29.685,29.736,29.753,29.871,30.141,30.376,30.343,30.645,31.896,32.739,32.887,33.281,34.47,35.663,35.967,35.919,35.503,35.583,36.047,36.399,35.679,35.181,35.422,35.759,35.759,35.535,35.358,35.791,36.015,36.015,35.567,35.695,35.967,36.255,36.111,35.647,35.775,36.462,36.574,36.287,35.487,36.319,37.034,37.367,36.749,35.775,36.542,36.828,37.003,36.558,36.701,37.098,37.855,38.936,38.561,37.351,38.028,38.091,37.588,36.605,37.997,38.421,38.374,37.43,36.637,38.358,38.546,38.436,37.224,38.091,39.248,39.512,39.045,37.524,38.233,39.31,39.527,38.749,38.28,38.905,39.403,39.092,37.997,37.903,38.123,36.494,34.971,35.326,35.47,34.389,33.95,34.664,36.685,39.589,42.181,42.62,42.696,42.832,42.892,42.982,43.058,43.163,43.283,43.419,43.539,43.674,43.808,43.838,43.898,43.958,44.033,44.152,44.242,44.257,44.301,44.331,44.406,44.42,44.45,44.435,44.435,44.45,44.495,44.48,44.45,44.495,44.569,44.569,44.569,44.569,44.599,44.644,44.673,44.718,44.703,44.644,44.525,44.584,44.733,44.733,44.792,44.777,44.762,44.807,44.852,44.807,44.718,44.792,44.807,44.777,44.866,44.866,44.792,44.866,44.748,44.718,44.644,44.658,44.688,44.703,44.792,44.762,44.762,44.703,44.792,44.762,44.614,44.495,44.495,44.406,44.361,44.152,44.033,44.137,44.152,44.003,43.838,44.003,44.197,44.122,43.208,41.084,39.217,38.264,38.107,37.997,37.918,38.076,37.43,36.207,35.759,35.695,35.743,35.551,35.374,36.891,38.028,37.903,37.651,37.619,37.651,38.295,39.123,39.465,39.45,39.217,38.967,38.827,38.687,38.624,38.561,38.64,38.796,38.874,38.921,38.999,39.294,39.527,39.589,39.543,39.481,39.558,39.62,39.698,39.744,39.806,39.791,39.682,39.589,39.558,39.465,39.372,39.325,39.248,39.201,39.123,38.577,36.987,35.567,36.143,37.05,37.113,36.828,36.175,35.213,35.197,36.223,37.461,38.593,38.796,38.858,39.03,38.967,38.874,38.858,38.546,38.53,38.577,38.593,38.671,38.749,38.796,38.796,38.843,38.593,37.887,37.524,37.745,37.588,36.955,35.695,35.068,35.116,35.487,35.374,35.068,34.874,34.68,34.454,34.243,34.243,34.405,34.308,33.706,33.231,33.313,33.444,33.346,32.755,31.247,30.292,29.938,29.77,29.617,29.499,29.397,29.295,29.278,29.159,29.108,29.074,28.989,29.023,29.006,28.887,28.784,28.767,28.733,28.733,28.733,28.75,28.733,28.733,28.665,28.614,28.614,28.597,28.545
,29.651,29.651,29.685,29.719,29.786,29.955,30.175,30.36,30.36,30.578,32.211,32.821,32.936,33.428,35.02,36.685,37.208,37.066,36.367,36.621,37.05,37.161,36.446,35.887,36.143,36.478,36.303,35.871,35.631,36.478,36.446,36.446,35.615,35.919,36.271,36.335,36.159,35.711,35.647,36.159,36.063,35.791,35.374,35.887,36.191,36.335,35.759,35.679,36.095,36.127,35.999,35.599,35.743,36.143,36.462,36.542,36.319,36.271,36.494,36.542,36.446,36.079,36.701,37.193,37.161,36.749,36.143,37.034,37.272,37.145,36.367,36.844,37.997,38.468,38.264,37.113,37.729,38.687,38.889,38.28,37.84,38.624,39.232,39.185,38.123,37.824,38.733,37.729,35.951,35.823,35.903,35.213,35.004,35.503,36.542,39.217,42.166,42.56,42.665,42.726,42.847,42.967,43.058,43.163,43.343,43.554,43.689,43.808,43.898,43.913,43.928,44.048,44.107,44.167,44.182,44.346,44.465,44.406,44.42,44.48,44.465,44.465,44.465,44.54,44.554,44.525,44.614,44.629,44.554,44.584,44.614,44.644,44.658,44.673,44.733,44.777,44.822,44.881,44.881,44.911,44.881,44.852,44.896,44.896,44.896,44.911,44.941,44.926,44.97,44.941,44.911,45.015,44.926,45.015,45.015,44.941,44.881,44.881,44.852,44.777,44.688,44.762,44.733,44.718,44.733,44.703,44.658,44.644,44.599,44.599,44.554,44.435,44.391,44.346,44.331,44.257,44.257,44.167,44.063,44.033,44.182,44.167,44.048,43.238,41.405,39.791,38.749,37.777,37.446,37.666,36.701,35.229,34.939,35.004,35.149,35.084,35.165,36.844,37.871,37.729,36.621,35.791,36.159,37.382,38.28,38.561,38.921,39.108,39.045,38.952,38.843,38.78,38.827,38.858,38.858,38.843,38.733,38.718,39.03,39.465,39.574,39.605,39.589,39.729,39.853,39.961,39.992,39.945,39.806,39.713,39.667,39.605,39.589,39.512,39.419,39.388,39.248,38.217,36.621,35.583,35.277,36.255,37.24,37.288,37.129,37.145,37.082,37.129,37.272,37.824,38.452,39.03,38.952,39.014,38.999,38.999,38.967,38.78,38.655,38.655,38.64,38.687,38.733,38.78,38.811,38.921,38.671,37.934,37.54,37.603,37.177,36.111,35.326,35.342,35.454,35.358,35.277,34.842,34.567,34.47,34.324,34.227,34.178,34.031,33.738,33.346,33.166,33.411,33.395,33.444,32.64,31.181,30.36,29.989,29.753,29.668,29.583,29.397,29.329,29.261,29.125,29.108,29.04,29.057,29.057,28.955,28.904,28.887,28.733,28.716,28.58,28.682,28.733,28.716,28.716,28.665,28.614,28.597,28.58,28.528
,29.702,29.685,29.702,29.736,29.837,29.989,30.158,30.292,30.41,30.477,32.277,32.92,32.985,33.444,35.245,37.288,37.934,37.714,36.701,37.098,37.556,37.714,36.971,36.287,36.637,37.193,37.082,36.51,36.143,37.303,37.351,37.303,36.111,36.542,37.272,37.493,37.05,36.383,36.637,37.572,37.414,36.971,36.047,37.303,37.745,37.635,36.574,36.605,37.651,37.871,37.619,36.319,36.637,37.477,37.635,37.177,36.621,36.955,37.54,37.509,37.208,36.494,37.335,37.414,37.303,36.796,36.351,37.414,37.414,37.224,35.935,36.812,37.193,37.24,36.923,36.255,36.86,37.414,37.319,36.828,36.59,37.145,37.572,37.524,36.86,36.828,37.461,37.177,36.494,36.159,36.191,36.335,36.287,36.239,36.542,38.107,40.823,42.105,42.12,42.348,42.469,42.65,42.862,42.967,43.328,43.599,43.674,43.868,43.868,43.913,43.958,44.018,44.048,44.077,44.167,44.227,44.301,44.331,44.391,44.376,44.361,44.391,44.376,44.391,44.42,44.465,44.495,44.495,44.525,44.554,44.569,44.569,44.614,44.658,44.733,44.762,44.792,44.881,44.926,44.926,44.941,44.955,44.97,44.985,44.97,44.985,45.029,45.029,45.044,45.118,45.074,45.089,45.074,45.059,45.074,45.059,45.074,44.926,44.985,44.866,44.852,44.822,44.777,44.777,44.807,44.792,44.703,44.703,44.748,44.673,44.614,44.614,44.54,44.465,44.42,44.316,44.182,44.197,44.152,44.137,44.212,44.242,44.227,44.107,43.778,43.569,41.801,38.765,37.509,37.414,36.399,35.133,34.939,35.1,35.358,35.213,35.181,36.891,37.84,37.603,36.526,35.551,35.47,35.871,36.303,36.812,37.603,38.671,39.03,39.014,38.952,38.936,38.952,38.905,38.702,38.671,38.499,38.421,38.468,39.17,39.62,39.651,39.837,40.069,40.208,40.27,40.223,40.069,39.883,39.791,39.698,39.589,39.543,39.512,39.496,39.45,39.263,38.248,36.399,35.1,35.277,36.59,37.556,37.619,37.319,37.351,37.24,36.414,35.887,37.129,38.076,38.624,38.936,38.921,38.983,39.014,38.999,38.889,38.874,38.811,38.765,38.718,38.702,38.718,38.843,38.921,38.671,38.076,37.603,37.382,36.971,36.191,35.807,35.919,35.711,35.438,35.036,34.616,34.486,34.405,34.259,34.113,34.015,33.787,33.444,33.149,32.985,33.264,33.33,33.362,32.524,30.997,30.225,29.888,29.685,29.617,29.566,29.448,29.363,29.21,29.142,29.108,29.074,29.057,29.04,29.006,28.921,28.836,28.801,28.784,28.648,28.716,28.699,28.665,28.665,28.648,28.631,28.614,28.597,28.562
,29.753,29.719,29.753,29.77,29.803,29.922,30.107,30.259,30.393,30.544,32.392,32.985,33.002,33.411,35.133,37.034,37.556,37.303,36.271,36.796,37.446,37.603,36.542,35.759,36.127,36.653,36.59,36.287,36.079,36.812,36.891,36.876,35.983,36.255,36.923,37.288,36.907,36.43,36.891,37.792,37.792,37.351,36.494,37.556,37.887,37.934,36.86,37.003,38.421,38.78,38.671,37.177,37.588,38.561,38.702,38.091,37.303,37.824,38.811,38.796,38.342,37.177,38.765,39.014,39.045,37.855,37.446,39.232,39.636,39.139,37.319,38.374,39.31,39.527,38.874,37.635,38.78,39.62,39.574,38.515,37.997,38.811,39.543,39.372,38.201,38.06,39.108,39.465,38.874,37.682,37.824,38.889,38.874,38.311,37.193,37.066,37.918,39.481,40.177,40.516,41.084,41.359,41.527,42.105,43.808,44.658,44.644,44.301,43.868,44.301,44.54,44.465,43.868,43.479,44.525,44.629,44.107,43.733,43.674,43.644,43.614,43.733,43.883,43.943,44.033,44.107,44.197,44.137,44.152,44.271,44.346,44.45,44.644,44.777,44.837,44.837,44.866,44.926,44.97,45,45,44.985,44.97,44.985,44.985,44.985,45.044,45.074,45.118,45.148,45.118,45.074,45.059,45.089,45.089,45.059,45.074,44.97,44.97,44.837,44.792,44.822,44.807,44.748,44.703,44.703,44.688,44.644,44.673,44.703,44.688,44.614,44.614,44.614,44.525,44.42,44.257,44.242,44.197,44.197,44.242,44.242,44.257,44.197,44.092,44.137,42.499,39.17,37.509,37.446,36.43,34.955,34.583,34.874,35.197,35.326,35.567,37.05,37.84,37.603,36.287,35.39,35.326,35.39,35.647,36.239,36.987,38.468,39.061,39.076,39.045,39.014,38.999,38.843,38.561,38.468,38.452,38.389,38.327,38.64,39.263,39.388,39.868,40.316,40.424,40.47,40.362,40.1,39.883,39.791,39.729,39.62,39.558,39.527,39.496,39.481,39.279,38.389,36.844,35.47,35.487,37.05,37.997,37.745,37.414,37.303,37.319,36.653,37.018,37.446,37.792,37.918,38.091,38.201,38.483,38.952,39.014,38.936,38.936,38.889,38.733,38.624,38.64,38.671,38.671,38.827,38.967,38.577,38.013,37.934,37.619,36.796,36.669,36.271,35.695,35.519,35.052,34.632,34.486,34.373,34.324,34.162,33.901,33.787,33.608,33.149,32.985,33.346,33.444,33.313,32.392,31.047,30.208,29.905,29.786,29.668,29.516,29.414,29.346,29.227,29.176,29.108,29.108,29.074,28.989,28.955,28.921,28.853,28.819,28.784,28.716,28.733,28.699,28.648,28.631,28.648,28.648,28.648,28.648,28.614
,29.753,29.753,29.77,29.803,29.837,29.955,30.158,30.36,30.36,30.578,32.26,32.903,32.969,33.362,34.535,35.855,36.446,36.207,35.261,35.983,36.526,36.637,35.935,35.31,35.647,36.175,36.223,36.255,36.255,36.271,36.303,36.255,36.031,35.983,36.319,36.828,36.876,36.701,36.907,37.351,37.414,36.796,35.887,36.335,37.098,37.272,36.335,36.86,39.03,39.574,39.279,37.367,37.729,38.858,39.03,38.28,37.367,38.013,39.139,39.045,38.53,37.272,39.03,39.45,39.589,38.327,37.666,39.883,40.084,39.543,37.54,38.905,39.899,40.1,39.45,38.28,39.512,40.424,40.408,39.123,38.405,39.62,40.516,40.331,38.999,39.014,40.408,40.746,40.115,38.952,39.527,41.068,41.099,40.223,38.107,36.939,36.987,37.288,37.556,38.091,38.593,38.765,39.17,41.053,45.665,48.305,48.305,46.458,44.54,46.678,48.001,48.232,46.209,45.576,48.809,48.521,45.311,41.618,41.374,41.512,41.634,41.634,41.801,41.923,41.953,42.029,42.044,42.075,42.105,42.09,42.257,43.449,46.004,47.639,47.712,46.4,45.444,46.106,46.546,46.385,45.444,45.192,45.724,46.018,45.488,45.118,45.635,45.783,45.783,45.325,45.133,45.192,45.237,45.222,45.148,45.118,45.133,45.104,45.059,44.911,44.896,44.911,44.792,44.792,44.718,44.644,44.644,44.658,44.629,44.644,44.584,44.584,44.584,44.465,44.406,44.391,44.257,44.242,44.242,44.257,44.257,44.212,44.212,44.137,44.137,44.167,42.545,39.248,37.477,37.477,36.51,35.116,35.663,35.903,35.326,35.342,35.903,37.303,37.966,37.682,36.287,35.31,35.197,35.229,35.406,35.855,36.844,38.389,39.139,39.201,39.123,39.076,39.03,38.889,38.687,38.515,38.452,38.53,38.53,38.655,38.952,39.667,40.053,40.347,40.516,40.547,40.531,40.239,39.945,39.806,39.729,39.62,39.543,39.558,39.574,39.589,39.465,38.561,36.86,35.503,35.695,37.414,38.295,38.044,37.761,37.524,37.603,37.43,37.635,37.729,37.761,37.745,37.808,37.981,38.076,38.889,39.03,38.999,38.952,38.874,38.765,38.593,38.468,38.468,38.561,38.687,38.827,38.577,38.154,38.264,37.871,37.003,36.907,36.542,35.967,35.791,35.261,34.923,34.583,34.308,34.292,34.178,33.966,33.82,33.624,33.215,32.92,33.395,33.526,33.461,32.31,30.846,30.124,29.922,29.854,29.702,29.549,29.448,29.329,29.21,29.21,29.193,29.023,28.989,28.921,28.904,28.921,28.887,28.801,28.767,28.699,28.733,28.75,28.733,28.682,28.631,28.648,28.665,28.665,28.648
,29.77,29.786,29.803,29.82,29.888,30.006,30.158,30.36,30.376,30.544,32.343,32.887,32.952,33.411,34.583,35.807,36.223,35.919,34.987,35.775,36.111,36.111,35.567,35.213,36.223,37.288,37.367,37.382,37.446,37.351,37.288,37.319,37.177,37.129,37.367,37.824,38.28,38.53,38.53,38.421,37.997,36.891,35.519,35.743,36.558,37.018,36.653,36.542,37.698,38.028,37.729,36.446,36.78,37.729,38.06,37.572,36.876,37.398,38.374,38.389,37.918,36.939,38.452,38.983,39.294,38.452,37.398,39.434,39.744,39.263,37.493,38.577,39.698,39.883,39.217,38.217,39.341,40.146,40.192,39.061,38.53,39.605,40.362,40.362,39.154,39.217,40.608,40.946,40.362,39.076,39.76,41.39,41.435,40.577,38.28,36.987,36.891,37.066,37.319,37.446,37.666,37.997,38.515,40.977,45.945,48.737,48.952,46.941,44.777,47.465,48.852,48.938,47.072,46.882,50.989,50.507,46.253,41.466,41.053,40.946,40.977,41.053,41.022,41.068,41.099,41.13,41.176,41.221,41.176,40.716,40.439,42.59,48.636,53.839,54.514,50.593,48.42,51.073,53.229,52.505,47.61,47.363,50.89,52.45,51.158,47.363,50.266,52.184,52.17,49.01,46.546,49.11,50.678,50.89,46.868,47.407,50.408,50.564,48.981,45.37,46.663,46.634,46.532,44.911,44.733,45.739,45.798,45.591,44.614,44.673,44.748,44.673,44.331,43.748,43.913,44.301,44.301,44.167,44.167,44.227,44.257,44.242,44.077,43.359,42.545,42.499,41.084,38.577,37.398,37.414,36.319,35.358,37.903,38.921,36.478,35.487,36.095,37.382,37.966,37.54,36.111,35.165,35.068,35.245,35.422,36.127,36.907,38.421,39.154,39.185,39.123,39.139,39.061,38.936,38.843,38.702,38.421,38.327,38.436,38.702,39.045,39.822,41.298,42.317,42.257,41.542,40.777,40.424,40.177,39.914,39.76,39.667,39.636,39.605,39.605,39.605,39.574,39.419,38.468,36.685,36.063,37.446,38.515,38.374,38.028,37.651,37.714,37.666,37.84,37.84,37.777,37.745,37.729,37.903,38.044,38.905,38.983,39.03,39.108,38.983,38.624,38.436,38.295,38.154,38.201,38.248,38.311,38.154,37.824,37.824,37.461,36.796,36.923,36.733,36.462,36.047,35.342,34.987,34.939,34.519,34.421,34.308,34.097,33.885,33.64,33.297,33.084,33.444,33.51,33.608,32.211,30.695,30.073,29.871,29.702,29.617,29.549,29.38,29.244,29.193,29.159,29.142,29.04,28.989,28.989,28.972,28.921,28.853,28.819,28.767,28.682,28.716,28.75,28.733,28.682,28.648,28.648,28.682,28.682,28.682
,29.736,29.77,29.786,29.82,29.888,29.989,30.141,30.309,30.393,30.511,32.359,32.739,32.837,33.624,35.39,37.161,37.808,37.351,35.823,36.86,37.319,37.524,36.478,35.454,35.903,36.669,36.796,37.066,37.145,37.098,37.177,37.256,37.098,37.256,37.509,38.044,38.952,39.512,39.512,39.465,39.061,37.619,35.47,36.127,37.729,38.17,38.076,37.129,36.319,35.213,34.794,34.761,34.955,35.277,35.727,35.935,35.935,36.079,36.143,36.287,36.191,36.063,36.574,36.971,37.367,37.635,37.05,37.003,36.971,36.923,36.175,36.717,37.351,37.556,37.351,36.749,37.524,38.138,38.342,37.777,37.524,38.233,38.874,39.03,38.185,38.295,39.62,40.115,39.605,38.561,39.108,40.577,40.716,39.837,37.95,36.907,36.907,37.003,37.098,37.367,37.603,37.808,38.342,40.762,45.517,48.189,48.478,46.605,44.435,47.072,48.276,48.189,46.385,46.868,51.257,50.706,45.945,41.512,41.892,42.847,43.133,42.982,42.922,43.013,42.847,42.832,42.665,42.06,41.298,40.685,40.239,42.771,49.511,54.843,55.486,51.609,49.511,52.156,54.61,54.39,48.881,48.001,52.45,54.541,53.188,48.579,52.408,55.35,55.623,51.777,48.218,51.595,54.184,55.09,49.64,50.28,56.343,56.925,54.912,47.028,50.167,49.825,49.953,48.001,45.029,49.311,50.024,49.454,45.901,46.297,47.479,45.915,44.137,42.56,43.464,44.316,44.391,43.719,43.778,45.871,46.561,45.207,43.509,42.922,43.028,42.56,40.839,38.436,37.446,37.509,36.383,35.116,35.358,35.519,35.599,35.711,35.999,37.319,38.013,37.082,35.775,35.133,35.036,35.116,35.406,35.839,36.717,38.311,39.123,39.201,39.154,39.092,39.045,38.905,38.796,38.405,38.154,38.185,38.327,38.952,39.837,40.285,43.028,44.435,43.359,41.618,40.731,40.485,40.115,39.868,39.76,39.651,39.667,39.713,39.682,39.651,39.651,39.713,39.263,37.509,36.59,37.95,38.624,38.421,38.044,37.682,37.777,37.761,37.903,37.887,37.808,37.714,37.651,37.792,37.966,38.936,38.983,39.045,39.03,39.014,38.687,38.327,38.138,38.044,38.028,38.044,38.028,38.076,38.185,38.217,37.761,37.05,37.414,37.161,36.574,36.127,35.551,35.084,34.891,34.761,34.6,34.405,34.194,34.048,33.885,33.559,33.313,33.461,33.64,33.657,32.178,30.746,30.073,29.955,29.719,29.549,29.516,29.431,29.295,29.176,29.244,29.074,29.04,28.955,28.955,28.955,28.887,28.819,28.784,28.784,28.784,28.716,28.75,28.716,28.682,28.665,28.665,28.682,28.648,28.682
,29.702,29.736,29.736,29.786,29.82,29.938,30.175,30.343,30.343,30.477,32.31,32.706,32.887,33.852,35.631,37.351,38.091,37.651,36.462,37.177,37.824,38.154,36.891,35.406,34.794,34.826,35.004,35.374,35.727,35.727,35.727,35.855,35.999,36.047,36.159,36.414,36.923,37.319,37.351,37.303,37.161,36.462,35.374,36.159,38.076,38.217,38.389,38.248,36.701,35.165,34.987,34.923,34.971,35.503,36.526,37.477,37.934,38.17,38.28,38.154,38.17,38.201,38.264,38.233,38.28,38.624,37.224,35.358,35.052,35.004,35.004,34.971,34.987,34.955,35.068,35.133,35.165,35.277,35.599,36.143,36.367,36.51,36.542,36.78,36.828,36.685,37.018,37.319,37.145,36.971,37.098,37.272,37.446,37.351,36.955,36.844,36.828,36.876,37.098,37.635,38.154,38.687,38.983,39.713,42.62,44.866,45.222,43.973,42.317,44.271,45.148,45.237,44.197,44.495,47.813,47.334,44.182,41.42,43.253,47.552,49.711,49.925,49.825,49.668,49.582,49.497,48.895,46.15,42.424,40.9,40.347,42.62,48.449,52.826,53.562,50.11,48.607,51.609,53.922,54.032,48.708,48.377,52.394,54.761,53.021,48.535,52.352,55.486,56.072,51.735,48.564,52.422,54.473,55.022,49.582,51.059,56.424,57.316,55.514,47.741,50.946,49.967,50.252,48.218,45.37,49.854,50.451,49.811,46.37,46.751,48.362,46.444,44.092,42.348,43.524,44.866,45.355,43.928,43.958,46.239,47.261,46.092,43.838,44.331,46.018,45.798,43.043,39.03,37.524,37.524,36.51,35.326,35.052,35.004,35.454,35.711,35.919,37.24,37.997,36.764,35.422,34.971,34.955,35.1,35.422,35.679,36.494,38.248,39.076,39.185,39.108,39.076,39.045,38.952,38.561,38.264,38.06,37.808,38.06,38.999,39.822,40.223,42.014,43.028,42.393,41.267,40.777,40.639,40.393,40.1,39.914,39.837,39.791,39.76,39.76,39.713,39.651,39.636,38.999,37.272,36.685,38.06,38.593,38.342,37.934,37.698,37.855,37.903,37.934,37.855,37.761,37.666,37.651,37.729,37.966,38.874,39.045,39.03,38.983,38.952,38.702,38.248,38.107,38.06,37.918,37.918,37.997,38.154,38.655,39.061,38.53,37.729,38.421,37.887,36.987,36.335,35.999,35.551,35.454,35.181,34.794,34.6,34.373,34.227,34.031,33.591,33.313,33.542,33.689,33.738,32.012,30.645,30.073,29.972,29.736,29.516,29.465,29.448,29.329,29.21,29.244,29.074,29.023,29.006,28.955,28.904,28.904,28.904,28.801,28.784,28.801,28.75,28.733,28.733,28.699,28.648,28.631,28.648,28.648,28.682
,29.668,29.702,29.719,29.77,29.77,29.82,29.989,30.191,30.343,30.511,32.425,32.788,32.854,33.362,34.858,36.494,37.145,36.891,36.063,37.288,38.405,38.53,36.891,35.068,34.194,34.227,34.713,35.406,36.223,36.621,36.526,36.43,36.558,36.399,36.319,36.175,36.047,36.015,35.999,35.695,35.181,34.907,35.004,35.919,38.076,38.374,38.515,38.436,36.764,36.111,36.191,35.823,35.342,35.807,37.272,39.388,40.931,41.191,41.42,41.42,41.496,41.557,41.527,41.481,41.206,40.7,39.232,35.951,34.891,34.939,35.197,34.907,34.858,34.81,35.02,35.326,35.503,35.631,36.015,36.764,37.414,37.903,38.138,38.185,38.123,38.06,38.06,38.107,38.06,37.855,37.43,36.796,36.605,36.749,36.749,36.749,36.78,36.891,37.493,38.874,40.67,42.816,42.393,40.9,42.997,44.777,44.807,43.479,42.484,43.733,43.883,43.449,42.317,42.333,43.868,43.283,41.71,41.191,43.118,48.16,51.2,51.327,51.482,51.524,51.567,51.567,51.073,47.436,42.605,41.298,41.74,42.348,43.494,45.252,45.974,45.296,45.059,45.974,47.043,47.392,45.104,44.866,47.13,49.024,48.204,45.842,48.492,51.215,51.693,48.593,46.546,49.625,51.749,52.394,47.712,49.053,54.06,55.049,53.354,46.429,49.439,49.024,49.124,46.517,44.881,48.55,48.881,48.247,45.074,45.739,47.232,46.253,44.077,42.272,43.554,45.029,45.503,44.033,43.584,46.136,47.436,46.356,44.227,44.658,46.488,46.239,43.449,39.341,37.635,37.808,36.796,35.583,35.406,35.422,35.695,35.695,36.015,37.367,37.997,36.653,35.487,34.971,34.858,35.036,35.39,35.679,36.574,38.295,38.999,39.108,39.061,39.014,39.03,38.983,38.577,37.981,37.54,37.288,37.635,39.17,39.976,40.3,42.014,42.832,42.272,41.053,40.608,40.608,40.562,40.3,40.053,39.992,39.961,39.837,39.791,39.713,39.558,38.967,37.54,36.367,36.717,38.044,38.483,38.138,37.981,37.745,37.887,37.824,37.903,37.808,37.682,37.666,37.556,37.619,37.95,38.843,38.983,38.967,38.921,38.858,38.561,38.233,38.107,37.997,37.918,37.981,38.091,38.138,38.593,39.185,38.64,37.824,38.28,37.792,37.382,36.749,36.399,36.143,35.887,35.599,35.181,34.858,34.697,34.6,34.243,33.673,33.444,33.657,33.689,33.755,31.979,30.578,29.972,29.871,29.719,29.566,29.516,29.414,29.329,29.21,29.108,29.091,29.074,29.057,28.989,28.938,28.921,28.921,28.836,28.819,28.784,28.75,28.716,28.699,28.665,28.631,28.614,28.631,28.631,28.682
,29.617,29.668,29.702,29.736,29.753,29.837,29.972,30.124,30.343,30.561,32.557,32.804,32.854,33.346,34.227,35.084,35.551,35.631,35.068,36.191,37.224,37.272,36.127,34.583,33.901,33.934,34.858,36.971,38.749,39.279,39.341,39.232,39.17,38.796,38.515,38.311,38.107,38.138,38.421,37.84,35.855,34.745,34.826,35.791,37.997,38.436,38.593,38.389,36.78,37.05,36.955,36.542,36.031,36.685,38.561,40.854,42.242,42.439,42.635,42.832,42.997,43.148,43.118,43.208,42.922,42.363,40.084,36.971,35.791,35.422,36.446,35.454,34.955,34.923,35.615,36.717,37.082,37.161,37.098,36.971,38.608,40.746,41.542,41.679,41.71,41.634,41.618,41.603,41.557,41.374,40.654,38.655,36.796,36.796,36.987,37.003,36.844,36.907,37.761,39.713,42.272,45.178,44.673,43.073,46.15,48.478,48.42,46.502,45.222,47.828,47.828,46.941,44.733,44.822,47.726,46.766,43.404,41.16,42.997,47.857,50.876,51.13,51.355,51.37,51.412,51.426,50.96,47.261,42.514,42.272,46.458,47.842,45.311,45.355,46.693,47.741,48.03,47.885,46.824,46.165,45.222,44.748,45.281,45.606,45.945,46.004,45.945,45.798,45.606,44.792,43.898,44.331,45.414,45.562,45.252,45.192,45.974,45.915,45.517,43.719,43.674,43.674,43.674,43.479,42.786,43.883,44.077,43.629,42.514,42.741,43.629,43.808,43.328,42.408,43.778,44.926,45.237,43.943,43.763,46.18,47.334,46.033,43.868,44.762,46.414,46.18,43.088,38.999,37.682,37.95,37.572,36.605,36.111,35.999,36.063,35.839,36.047,37.477,38.076,36.637,35.599,35.1,34.842,35.213,35.406,35.615,36.574,38.201,38.952,39.014,39.014,39.014,39.03,38.999,38.671,37.792,37.177,37.034,37.761,39.605,40.501,40.777,43.793,45.827,44.762,41.771,40.223,39.945,40.316,40.577,40.331,40.115,40.1,40.023,39.93,39.682,39.651,39.791,39.076,37.398,36.86,38.217,38.483,38.138,37.903,37.682,37.777,37.84,37.792,37.714,37.619,37.556,37.54,37.619,37.966,38.843,38.889,38.889,38.921,38.843,38.702,38.374,38.013,37.745,37.682,37.871,38.06,38.374,38.999,39.31,38.78,37.588,36.955,36.812,37.272,37.066,36.891,36.558,36.175,35.823,35.551,35.149,34.971,34.874,34.389,33.706,33.51,33.624,33.722,33.722,31.996,30.494,30.006,29.803,29.668,29.583,29.533,29.465,29.363,29.176,29.142,29.091,29.108,29.074,29.006,28.972,28.938,28.887,28.853,28.801,28.767,28.733,28.716,28.665,28.631,28.58,28.562,28.58,28.562,28.665
,29.617,29.651,29.668,29.702,29.736,29.837,29.989,30.107,30.292,30.628,32.475,32.722,32.788,33.608,34.842,35.839,36.239,35.951,35.229,36.558,37.682,37.335,35.727,34.373,33.869,33.869,35.052,37.714,39.667,40.038,40.285,40.162,40.038,39.945,39.589,38.53,37.918,38.185,39.263,39.201,36.367,34.6,34.713,35.839,38.028,38.53,38.577,38.546,37.224,37.572,36.939,37.887,37.619,37.145,38.733,41.176,42.393,42.605,42.982,43.268,43.539,43.614,43.644,43.569,43.343,42.605,39.806,36.971,38.452,37.288,38.17,37.24,35.358,35.165,37.018,37.745,37.635,37.871,38.405,38.327,40.377,43.133,44.242,44.584,44.733,44.733,44.733,44.733,44.48,43.464,41.847,39.372,37.034,37.398,38.295,38.546,37.729,36.939,37.792,40.347,43.283,45.473,44.599,43.464,46.663,48.78,48.995,46.868,45.856,48.751,48.478,47.32,45.222,45.399,48.261,47.784,44.167,41.16,42.181,45.089,47.072,47.625,48.305,48.478,48.334,48.131,47.987,45.503,42.029,42.439,46.795,46.722,44.807,45.665,46.283,48.809,50.124,49.597,46.955,46.004,45.34,44.807,45.444,45.842,48.074,49.354,49.525,47.668,46.429,45.886,44.569,45.562,46.327,48.102,49.454,49.711,49.167,47.567,47.668,45.029,44.762,44.777,45.029,46.517,46.795,46.297,44.614,43.793,43.554,43.208,42.816,44.077,45.355,44.955,44.941,44.955,44.97,44.807,44.584,44.837,45.015,44.495,43.569,43.524,43.853,43.599,42.242,40.654,39.914,39.837,39.883,39.775,39.496,39.232,39.014,38.718,38.499,38.515,38.546,37.698,36.971,36.383,36.494,36.828,36.907,36.876,37.651,38.671,38.952,38.952,38.967,39.045,39.03,39.045,38.28,37.398,36.987,36.907,37.745,39.945,40.1,40.531,44.003,46.239,45.827,42.982,41.084,40.501,40.746,40.931,40.608,40.331,40.208,40.146,40.208,39.806,39.729,40.239,39.775,37.934,36.939,38.217,38.561,38.138,37.666,37.651,37.635,37.682,37.698,37.619,37.619,37.588,37.556,37.792,37.84,38.702,38.905,38.952,38.921,38.827,38.765,38.28,37.918,37.651,37.414,37.524,38.358,39.992,42.075,43.328,41.786,38.515,36.414,35.615,36.749,37.477,37.319,37.193,36.955,36.367,36.015,35.759,35.695,35.695,35.036,33.918,33.51,33.657,33.771,33.771,31.962,30.461,30.04,29.82,29.702,29.6,29.499,29.482,29.38,29.329,29.21,29.142,29.108,29.091,29.04,29.006,28.955,28.87,28.836,28.784,28.75,28.699,28.665,28.648,28.597,28.545,28.545,28.545,28.494,28.597
,29.549,29.566,29.583,29.651,29.77,29.854,29.905,29.955,30.191,30.544,32.359,32.673,32.722,33.657,35.197,36.574,37.256,37.018,35.759,37.808,39.263,39.201,37.367,34.971,33.918,33.885,35.133,37.824,39.667,40.177,40.593,40.654,40.654,40.377,39.899,38.468,37.603,38.138,39.512,39.263,36.303,34.6,34.697,35.823,38.06,38.468,38.436,38.499,37.588,37.918,37.335,36.891,36.59,36.637,38.154,40.731,42.439,42.847,43.133,43.374,43.659,43.689,43.644,43.644,43.569,42.242,38.811,36.605,37.95,37.855,38.295,38.044,35.839,35.551,37.682,38.076,37.871,37.714,38.138,38.311,40.516,43.298,44.703,45.148,45.355,45.503,45.532,45.547,45.385,44.242,42.105,39.605,37.918,38.154,38.811,40.177,39.992,37.729,38.154,40.131,42.62,44.48,43.719,42.575,45.429,47.407,47.668,45.753,44.852,47.784,47.885,46.853,44.807,45.222,48.088,47.479,43.823,41.176,41.405,41.573,41.573,41.999,42.181,42.272,41.862,41.145,40.977,41.206,41.13,42.136,45.621,45.148,44.554,47.014,48.852,50.791,51.567,51.637,49.868,47.943,45.886,45.385,46.78,48.045,50.152,51.088,51.215,49.782,47.77,46.502,44.257,46.165,46.707,48.737,50.663,50.946,49.953,46.312,47.116,44.733,45.089,45.266,45.635,49.01,49.439,48.665,45,44.673,43.208,41.405,43.569,44.152,45.503,45.562,45.444,45.325,45.163,45.074,45.029,44.926,44.822,44.718,44.525,44.271,44.242,44.182,43.748,43.223,42.892,42.892,42.847,42.605,42.317,42.075,41.816,41.099,39.806,38.999,39.325,40.454,41.451,41.176,39.356,38.78,39.076,39.154,39.419,39.45,39.108,38.999,38.999,39.139,39.217,39.123,38.138,37.161,36.764,36.828,37.477,38.608,39.217,39.775,41.206,42.665,43.223,42.847,42.227,41.801,41.344,41.099,40.7,40.362,40.254,40.192,39.899,38.905,38.499,39.092,38.843,37.382,36.764,37.997,38.405,37.966,37.588,37.666,37.777,37.666,37.666,37.761,38.217,38.201,38.123,38.358,38.342,38.749,38.999,38.999,39.03,39.03,38.936,38.593,37.808,37.272,37.098,37.477,39.076,41.786,45.133,47.465,44.896,39.62,37.208,36.223,36.574,37.84,38.123,37.777,37.477,36.812,36.287,36.207,36.51,36.685,35.583,33.706,33.395,33.64,33.771,33.755,31.929,30.578,30.09,29.837,29.668,29.533,29.448,29.431,29.38,29.363,29.227,29.176,29.108,29.091,29.057,29.006,28.921,28.853,28.819,28.75,28.733,28.665,28.648,28.614,28.597,28.58,28.562,28.562,28.477,28.562
,29.448,29.499,29.549,29.583,29.634,29.753,29.871,29.922,30.191,30.561,32.524,32.755,32.772,33.64,35.422,36.907,37.24,36.812,35.551,37.651,39.201,39.217,37.398,34.971,33.918,33.95,35.326,37.966,39.419,39.527,40.685,40.792,40.792,40.9,40.347,38.78,37.792,38.233,39.636,39.372,36.255,34.519,34.616,35.775,38.091,38.468,38.577,38.561,38.091,37.351,37.524,35.887,34.858,34.891,36.239,39.403,41.999,42.665,43.028,43.253,43.434,43.554,43.599,43.569,43.223,41.466,38.327,35.358,34.794,35.567,37.588,36.971,36.526,36.542,38.013,38.593,37.997,37.524,37.398,36.971,39.605,43.013,44.644,45.059,45.252,45.385,45.385,45.414,45.325,44.092,41.771,39.356,37.84,38.013,38.248,39.558,40.424,38.952,38.952,39.558,40.977,42.136,41.649,40.547,41.877,42.877,43.328,42.424,41.771,43.464,44.346,44.077,42.545,42.997,45.237,44.658,42.242,41.053,42.029,43.704,44.271,44.48,44.257,44.092,43.973,43.374,42.59,41.756,40.992,41.74,44.376,44.122,45.458,49.497,50.989,51.595,51.819,51.988,51.749,50.678,46.985,45.886,48.938,50.692,51.257,51.707,51.735,51.37,50.437,47.276,42.363,46.458,48.866,50.833,51.538,51.496,51.44,49.468,47.914,43.644,45.281,47.45,49.139,50.805,51.116,50.748,48.521,46.15,42.952,40.1,43.419,44.197,45.414,45.059,44.271,44.122,44.316,44.599,44.718,44.777,44.718,44.629,44.599,44.495,44.167,44.003,43.868,43.554,43.238,43.118,43.133,43.088,43.058,43.013,42.847,42.317,40.485,38.827,37.635,37.272,37.682,37.887,38.295,38.78,39.03,39.279,39.481,39.636,39.713,39.806,39.806,39.945,40.053,39.496,38.013,36.828,36.399,36.399,37.619,39.93,40.885,40.485,41.16,42.272,43.163,43.058,42.393,42.029,41.801,41.466,40.823,40.393,40.331,40.3,39.868,38.718,38.013,38.123,37.95,37.082,36.669,37.84,38.201,37.666,37.934,39.232,40.285,39.945,38.671,38.123,38.546,38.874,38.874,38.967,38.874,39.108,39.248,39.217,39.294,39.388,39.076,38.733,37.824,37.05,36.844,37.082,38.342,40.624,43.389,45.591,44.301,40.915,39.388,38.733,38.374,38.796,38.952,38.515,37.918,37.208,36.51,36.239,36.367,36.446,35.31,33.362,33.231,33.673,33.738,33.722,31.879,30.578,30.09,29.837,29.634,29.516,29.465,29.414,29.38,29.295,29.21,29.193,29.142,29.108,29.074,28.989,28.938,28.887,28.784,28.699,28.699,28.665,28.631,28.631,28.614,28.562,28.511,28.528,28.494,28.58
,29.397,29.397,29.499,29.516,29.583,29.736,29.888,30.023,30.191,30.494,32.59,32.788,32.837,33.264,34.632,35.935,36.239,35.951,35.116,36.733,38.123,38.185,36.462,34.68,34.031,34.145,35.551,38.138,39.698,40.069,40.854,41.007,41.176,41.237,41.191,40.516,39.914,40.084,40.624,39.434,36.223,34.405,34.664,35.983,38.076,38.468,38.515,38.53,38.561,37.651,37.018,36.047,35.052,34.68,35.245,37.24,39.605,40.808,41.191,41.42,41.74,41.984,42.09,42.09,41.451,40.192,37.745,34.567,33.869,34.405,35.727,37.018,38.64,38.967,38.185,38.264,37.098,36.143,35.887,35.999,38.233,41.39,42.967,43.404,43.808,44.003,44.033,44.107,43.943,42.892,40.7,38.06,36.669,37.003,37.603,38.796,39.93,40.208,40.746,42.711,44.837,45.915,44.584,42.151,43.449,44.197,45.68,44.092,41.832,42.907,43.868,44.525,43.028,43.689,45.915,44.733,41.892,41.022,43.103,47.668,50.081,50.578,50.593,50.593,50.422,50.181,49.053,44.896,41.176,42.514,46.926,45.812,45.488,49.925,51.37,51.735,51.848,51.805,51.862,51.116,47.028,45.871,49.411,51.355,51.862,51.96,51.946,51.862,51.581,48.348,42.711,47.77,50.777,51.44,51.777,51.651,51.749,51.482,50.053,43.719,46.488,50.138,50.89,51.13,51.229,51.229,50.805,48.952,43.524,39.434,42.65,44.271,45,44.599,44.495,44.644,44.077,42.681,42.333,43.073,44.286,44.629,44.569,44.406,44.048,43.509,42.575,41.725,41.862,42.62,43.058,43.118,43.088,43.058,42.982,42.484,40.608,38.796,37.05,36.095,35.983,36.494,37.524,38.468,38.905,39.076,39.217,39.481,39.729,39.93,39.93,40.007,40.007,39.45,37.997,36.669,36.255,36.271,37.84,40.961,42.227,41.313,42.166,43.283,43.778,43.238,42.575,42.151,41.938,41.512,40.946,40.501,40.393,40.485,41.022,40.316,39.62,40.27,39.403,37.414,36.749,37.981,38.123,37.493,37.224,37.256,38.091,38.233,37.966,37.871,38.17,38.593,38.889,39.076,39.108,39.232,39.45,39.465,39.512,39.512,39.341,38.702,37.524,36.733,36.542,36.78,37.918,40.501,43.793,46.004,45.015,41.786,40.685,40.1,39.698,39.465,39.45,38.843,38.107,37.446,36.891,36.446,36.111,35.487,34.275,33.199,33.215,33.706,33.722,33.722,31.813,30.695,30.073,29.786,29.651,29.566,29.482,29.414,29.363,29.295,29.227,29.176,29.159,29.074,29.057,29.04,29.006,28.887,28.75,28.716,28.733,28.648,28.631,28.631,28.597,28.545,28.511,28.545,28.494,28.511
,29.108,29.278,29.312,29.397,29.566,29.736,29.888,30.04,30.175,30.561,32.574,32.804,32.804,32.903,33.215,33.444,33.428,33.395,33.395,33.82,34.826,34.891,34.243,33.852,33.82,34.097,35.631,38.515,40.562,40.746,41.145,41.466,41.756,41.771,41.832,41.756,41.695,41.664,41.481,39.651,36.047,34.421,34.697,35.951,38.06,38.389,38.468,38.515,38.546,38.546,38.233,37.651,37.082,36.239,36.047,36.319,36.446,36.907,37.603,37.761,37.84,37.918,37.934,37.95,37.84,37.05,36.063,35.807,36.143,36.351,37.351,38.718,39.76,40.069,39.279,38.185,37.54,36.796,36.175,36.43,38.044,39.481,39.961,39.992,40.146,40.424,40.67,40.931,41.206,41.114,39.729,37.619,36.764,37.161,37.477,38.076,40.007,41.099,41.695,45.37,48.319,48.909,46.59,43.494,45.192,46.15,47.885,45.915,43.419,45.266,46.283,47.145,45.385,46.283,48.967,48.102,43.569,41.053,43.719,49.024,51.2,51.496,51.665,51.693,51.693,51.679,50.748,46.297,41.649,41.938,44.465,43.823,45.458,49.953,51.341,51.735,51.862,51.904,51.918,51.313,46.561,45.503,49.511,51.693,52.002,52.044,52.03,51.974,51.834,48.463,43.584,48.391,51.158,51.819,51.862,51.89,51.819,51.553,50.238,43.434,46.532,50.507,51.172,51.2,51.271,51.257,51.088,49.782,43.689,40.023,43.073,44.197,46.209,48.276,48.463,48.78,48.564,45.827,41.588,41.923,44.301,45.148,44.792,44.331,43.359,41.908,40.792,40.501,40.362,40.946,42.302,42.982,43.073,43.118,42.937,42.333,40.501,38.702,36.828,35.935,35.999,36.207,36.86,37.588,38.17,38.374,38.201,38.154,38.358,38.342,38.468,38.655,38.936,38.483,37.161,36.239,36.063,36.159,37.572,40.854,42.196,40.777,41.496,42.696,43.043,42.393,42.044,41.892,41.557,41.007,40.593,40.408,40.3,40.577,41.359,40.547,39.806,40.608,39.667,37.524,37.003,38.248,38.076,37.477,36.653,35.39,35.599,35.695,36.047,37.113,37.777,37.981,38.577,38.64,39.092,39.076,39.279,39.419,39.527,39.527,39.496,38.53,37.145,36.43,36.303,36.526,37.871,41.451,46.429,49.196,47.014,42.65,40.961,40.285,40.069,39.868,39.651,38.874,38.327,37.603,37.193,37.003,36.955,36.414,34.891,33.346,33.297,33.738,33.706,33.689,31.796,30.595,29.972,29.82,29.736,29.6,29.482,29.431,29.363,29.329,29.244,29.176,29.125,29.091,29.091,29.091,29.023,28.87,28.75,28.75,28.699,28.648,28.614,28.614,28.58,28.562,28.562,28.545,28.511,28.494
,29.074,29.176,29.227,29.414,29.533,29.753,29.955,30.057,30.309,30.695,32.623,32.821,32.952,33.1,33.182,33.281,33.362,33.33,33.346,33.395,33.461,33.461,33.591,33.608,33.559,33.885,35.535,38.358,40.424,40.639,40.915,41.007,41.053,41.13,41.344,41.481,41.466,41.542,41.359,39.31,35.855,34.47,34.697,35.967,37.934,38.233,38.421,38.436,38.53,38.561,38.561,38.546,38.53,37.509,36.637,36.574,36.733,36.812,36.844,36.907,36.987,37.082,37.003,36.955,36.86,36.462,36.175,37.619,38.608,38.952,39.496,39.76,39.976,40.146,40.254,40.162,39.713,39.03,37.477,36.796,37.666,38.123,38.076,38.044,38.044,38.091,38.248,38.546,38.733,38.358,37.619,37.177,37.761,38.827,39.279,40.192,41.634,41.618,42.09,46.532,49.982,49.611,46.444,43.404,45.118,46.224,47.349,45.311,44.465,47.552,48.319,48.001,45.606,46.882,49.511,48.434,43.733,41.283,44.107,48.737,50.309,50.706,50.876,50.989,51.257,51.271,50.252,46.106,41.634,41.984,44.286,43.389,44.792,48.823,50.124,50.465,50.678,50.833,50.89,50.522,46.678,45.974,49.311,50.946,51.327,51.482,51.524,51.482,51.412,48.694,44.748,48.995,51.2,51.651,51.777,51.777,51.735,51.44,49.925,43.719,46.999,50.578,51.172,51.158,51.299,51.355,51.215,49.711,43.554,39.914,42.816,44.495,47.537,49.525,49.239,51.031,52.673,50.96,45.207,46.824,50.209,50.01,47.378,44.286,42.711,41.816,42.075,42.151,41.283,40.285,41.206,42.65,43.058,43.073,43.028,42.424,40.439,38.655,36.828,35.967,37.651,40.146,40.792,38.874,39.434,40.608,39.481,38.405,40.1,40.593,38.921,38.952,39.62,38.811,36.923,36.047,35.887,36.015,37.05,38.53,39.139,38.843,39.31,39.822,39.403,38.921,39.853,39.914,39.123,39.217,39.154,38.702,38.53,38.593,38.655,37.981,37.729,38.248,37.635,36.51,36.812,38.028,37.981,37.24,36.43,34.81,34.794,35.004,35.165,35.615,36.047,36.319,37.224,37.572,37.745,38.013,38.06,38.154,38.17,38.311,38.389,37.966,36.828,36.191,36.175,36.351,37.382,40.685,45.606,48.362,46.327,42.257,40.716,40.162,39.899,39.651,39.248,38.671,38.389,37.729,37.256,37.303,37.509,37.082,35.422,33.575,33.559,33.836,33.738,33.64,31.813,30.393,29.905,29.837,29.736,29.6,29.482,29.414,29.363,29.329,29.227,29.193,29.108,29.091,29.108,29.091,29.023,28.904,28.836,28.767,28.699,28.631,28.597,28.614,28.58,28.545,28.545,28.528,28.528,28.562
,29.057,29.108,29.227,29.312,29.482,29.736,29.871,29.888,30.107,30.662,32.854,33.166,33.084,33.002,32.936,33.035,33.248,33.264,33.346,33.493,33.461,33.428,33.477,33.526,33.559,33.722,35.181,37.808,39.589,40.038,39.992,39.945,40.069,40.115,40.208,40.408,40.547,40.608,40.547,38.827,35.711,34.616,34.987,36.143,37.95,38.013,38.342,38.201,38.499,38.515,38.561,38.593,38.53,38.468,38.389,38.389,38.452,38.436,38.389,38.405,38.342,38.311,38.233,38.311,38.311,38.217,38.217,38.749,39.419,39.574,39.744,39.868,40.038,40.146,40.316,40.454,40.531,40.454,39.248,38.233,38.217,38.358,38.436,38.53,38.546,38.546,38.593,38.64,38.593,38.483,38.217,38.264,39.698,41.466,41.999,42.166,42.181,41.588,40.946,43.028,45.635,45.812,43.689,41.984,43.644,44.614,44.955,43.298,43.253,46.356,47.174,46.444,44.331,45.266,47.189,46.224,42.605,41.252,43.028,45.059,45.606,46.18,46.18,46.37,47.174,47.552,47.028,44.614,41.496,42.029,44.777,43.883,42.982,44.852,45.65,45.901,46.312,46.576,46.736,46.751,44.792,44.599,46.532,47.349,47.581,48.045,48.232,48.29,48.708,46.985,44.033,47.276,48.866,49.167,49.625,49.711,49.839,49.697,48.607,43.524,46.458,49.225,49.525,49.582,49.925,50.024,49.982,48.881,43.073,40.131,42.832,44.584,47.697,50.309,50.138,51.553,53.742,52.436,47.159,49.482,51.735,51.651,49.196,44.955,42.529,42.711,44.227,44.257,42.847,41.022,40.961,42.287,42.967,43.043,42.997,42.408,40.885,38.967,36.86,35.967,38.749,42.454,43.118,40.223,41.664,43.539,42.287,40.362,43.118,44.286,41.344,41.816,43.748,41.786,37.871,36.079,35.679,35.903,38.295,41.588,42.605,41.007,42.181,43.584,41.771,40.069,40.746,41.328,40.516,43.374,44.584,41.756,40.254,41.022,41.068,39.388,38.921,39.62,38.702,36.812,35.951,37.208,37.808,37.145,36.271,34.794,35.245,37.288,37.997,37.129,36.685,38.499,38.64,37.335,38.546,38.874,37.477,37.351,37.855,37.729,36.923,36.605,36.207,35.871,35.775,35.935,36.399,37.871,40.516,42.166,41.359,39.325,38.858,38.436,38.076,38.17,37.855,37.414,37.161,36.86,36.367,36.159,36.223,35.807,34.583,33.477,33.608,33.869,33.722,33.51,31.83,30.376,29.871,29.736,29.668,29.566,29.465,29.397,29.346,29.244,29.176,29.159,29.108,29.091,29.074,29.04,29.006,28.921,28.784,28.784,28.733,28.614,28.614,28.614,28.58,28.545,28.545,28.528,28.477,28.528
,28.972,28.972,29.023,29.312,29.533,29.685,29.77,29.82,30.073,30.662,32.623,33.461,33.461,33.493,33.673,33.608,33.395,33.493,33.444,33.461,33.51,33.559,33.608,33.608,33.608,33.755,34.308,35.663,37.161,37.461,37.509,37.619,37.682,37.871,38.028,38.154,38.248,38.248,38.185,37.161,35.213,34.34,34.519,35.935,37.635,37.698,37.855,38.06,38.17,38.311,38.389,38.468,38.468,38.546,38.608,38.593,38.64,38.765,38.827,38.858,38.936,39.092,39.17,39.263,39.341,39.419,39.465,39.512,39.605,39.574,39.853,39.899,40.069,40.192,40.254,40.424,40.547,40.593,40.562,40.485,40.424,40.439,40.485,40.547,40.608,40.639,40.67,40.716,40.746,40.823,40.885,40.961,41.466,42.06,42.181,42.196,42.211,41.832,40.823,40.331,40.516,40.7,40.531,40.393,40.624,40.823,40.823,40.624,40.839,41.832,42.257,42.044,41.466,41.984,42.696,42.302,41.359,41.283,41.603,41.816,41.953,42.075,42.044,42.12,42.272,42.393,42.454,42.151,41.344,42.12,44.762,45.163,44.346,44.45,44.45,44.406,44.301,44.197,44.182,44.257,44.525,44.212,43.943,43.913,43.928,43.943,44.003,44.033,44.122,44.182,43.763,43.689,43.823,44.122,44.45,44.42,44.569,44.316,44.092,42.711,43.103,43.629,43.838,43.913,43.973,44.212,44.837,44.45,42.227,41.953,43.644,44.346,46.707,49.854,50.38,51.2,52.282,49.468,44.733,48.059,51.355,51.398,48.694,44.777,42.575,42.665,44.137,44.167,42.771,41.053,41.038,42.257,42.907,42.982,42.922,42.378,40.946,39.154,36.891,35.903,37.966,41.374,42.499,39.883,41.267,43.118,41.756,40.331,42.696,43.883,40.792,41.451,43.494,41.557,37.619,35.775,35.294,35.615,39.045,42.952,44.018,41.801,43.043,44.45,42.257,41.527,43.823,45.074,43.088,45.059,46.004,42.59,41.099,42.726,42.877,40.485,40.208,41.664,40.439,37.414,35.807,36.939,37.635,36.971,35.711,34.502,35.599,39.403,40.839,38.983,38.733,41.953,42.105,38.733,42.272,42.529,39.31,38.952,40.777,40.177,38.138,37.351,36.351,35.535,35.358,35.759,36.653,37.934,39.76,40.992,39.837,38.483,38.889,37.808,37.034,38.624,38.858,37.272,37.319,37.509,36.86,36.111,36.255,36.095,34.583,33.084,33.149,33.738,33.608,33.395,31.83,30.376,29.854,29.702,29.634,29.533,29.431,29.397,29.312,29.125,29.108,29.142,29.091,29.108,29.023,28.955,28.955,28.887,28.733,28.699,28.631,28.665,28.597,28.597,28.597,28.562,28.562,28.528,28.426,28.545
,28.972,29.074,29.108,29.21,29.448,29.6,29.736,29.905,29.938,30.208,31.181,32.227,32.343,32.541,32.673,32.706,32.755,32.936,33.182,33.248,33.297,33.297,33.395,33.493,33.51,33.493,33.477,33.673,34.194,34.713,35.294,35.807,35.999,36.047,36.063,36.031,36.031,35.999,35.839,35.229,34.129,33.281,33.281,34.454,35.823,35.951,36.095,36.399,36.876,37.177,37.382,37.367,37.524,37.682,37.808,37.887,37.981,38.107,38.185,38.28,38.421,38.624,38.718,38.796,38.889,38.952,39.045,39.154,39.154,39.248,39.45,39.574,39.744,39.806,39.914,40.023,40.177,40.285,40.316,40.331,40.47,40.547,40.577,40.654,40.792,40.885,40.961,41.068,41.16,41.237,41.374,41.496,41.695,41.923,42.044,42.12,42.181,42.181,42.151,42.09,42.06,42.06,42.075,42.044,42.06,42.029,42.044,42.029,42.075,42.196,42.287,42.242,42.302,42.272,42.227,42.257,42.272,42.302,42.529,42.771,42.847,42.847,42.771,42.771,42.786,42.801,42.832,42.892,42.514,42.862,44.271,44.985,45.266,45.532,45.709,45.945,46.077,46.121,46.15,46.312,46.546,46.429,46.297,46.224,46.194,46.121,46.106,46.106,46.18,46.502,46.488,45.753,45.606,45.562,45.562,45.385,45.237,44.777,44.955,45.473,44.406,43.704,43.298,42.967,42.877,42.771,42.696,42.575,42.801,44.122,44.033,44.301,45.37,47.334,48.909,48.952,47.654,44.018,41.573,43.719,47.32,47.755,45.724,43.913,42.681,41.679,41.618,42.211,42.12,41.038,41.42,42.454,42.801,42.877,42.862,42.151,40.608,38.889,36.796,35.871,37.193,38.811,39.185,37.997,38.311,39.076,38.593,37.997,39.014,39.729,38.358,38.436,39.45,38.624,36.526,35.487,35.084,35.31,37.588,40.177,40.9,39.605,40.439,41.328,39.992,39.651,41.374,42.514,40.869,41.542,42.499,40.716,39.713,41.038,41.573,39.682,39.496,41.13,39.93,37.003,35.422,36.191,37.161,36.43,35.213,33.95,35.326,39.403,40.9,39.061,38.452,41.313,41.39,38.671,42.227,42.635,39.62,39.558,41.695,41.038,38.577,37.635,36.287,35.277,35.068,35.583,36.844,38.515,40.547,41.725,40.331,39.589,40.746,38.952,37.509,39.992,40.377,38.233,38.53,39.201,38.389,37.272,37.635,37.698,35.583,33.051,32.87,33.591,33.542,33.248,31.813,30.343,29.854,29.719,29.566,29.465,29.397,29.312,29.244,29.091,29.074,29.091,29.04,29.057,29.006,28.938,28.904,28.853,28.733,28.648,28.716,28.631,28.562,28.58,28.58,28.545,28.545,28.545,28.46,28.528
,28.904,28.989,29.159,29.227,29.431,29.6,29.702,29.786,29.888,29.955,30.191,30.477,30.528,30.628,30.628,30.645,30.729,30.746,30.746,30.83,30.528,30.746,30.763,30.746,30.628,30.679,30.813,30.846,30.863,31.131,31.896,32.376,32.524,32.64,32.722,32.706,32.854,32.969,32.985,32.804,32.392,32.045,31.946,32.029,32.475,32.772,32.837,32.969,33.542,33.608,33.559,33.51,33.477,33.51,33.82,34.097,34.275,34.519,34.761,35.004,35.39,35.727,35.903,36.015,36.159,36.335,36.414,36.478,36.526,36.574,37.098,37.208,37.288,37.414,37.588,37.651,37.84,38.06,38.295,38.405,38.811,39.045,39.139,39.139,39.185,39.403,39.574,39.682,39.853,40.007,40.162,40.285,40.408,40.624,40.854,41.099,41.283,41.39,41.481,41.557,41.573,41.771,42.06,42.151,42.287,42.408,42.484,42.514,42.56,42.65,42.726,42.771,42.952,43.088,43.133,43.163,43.223,43.298,43.434,43.584,43.689,43.733,43.763,43.778,43.823,43.853,43.883,43.913,43.943,44.018,44.242,44.406,44.673,44.718,44.777,44.97,45.015,45.015,44.97,45.029,45.044,45,45.059,45.074,45.074,45.044,45.029,45.104,45.237,45.207,45.252,45.222,45.355,45.311,45.37,45.399,45.429,45.458,45.444,45.532,45.517,45.399,45.325,45.355,45.281,45.281,45.207,44.866,44.733,44.629,44.033,44.376,44.525,44.911,45.281,45,44.092,43.223,42.696,42.832,43.509,44.048,44.107,44.048,43.163,41.892,41.328,41.267,41.038,41.084,41.923,42.56,42.696,42.771,42.696,41.999,40.577,38.718,36.59,35.759,39.232,42.741,42.937,40.007,40.992,42.665,41.068,40.115,42.59,43.208,40.192,40.531,41.679,39.248,36.255,35.116,34.794,35.213,38.076,40.547,40.9,39.574,40.408,41.176,39.543,38.749,39.698,39.899,38.295,37.981,38.53,37.934,37.43,37.966,38.233,37.682,37.666,38.154,37.382,35.823,35.261,35.631,36.207,36.063,35.068,33.64,34.227,36.526,37.651,36.335,36.271,37.745,37.761,36.367,38.107,38.561,37.098,37.05,38.608,38.264,36.764,36.159,35.583,35.052,34.842,35.036,35.711,36.844,38.608,39.791,38.702,38.53,39.945,38.499,36.749,38.577,38.952,37.319,37.745,38.765,38.123,37.05,37.524,37.698,35.663,33.035,32.574,33.199,33.411,33.166,31.597,30.326,29.837,29.685,29.516,29.38,29.329,29.261,29.176,29.091,29.04,29.023,28.989,29.023,29.006,28.938,28.87,28.784,28.597,28.58,28.682,28.545,28.545,28.528,28.528,28.545,28.562,28.528,28.443,28.46
,28.853,28.972,29.125,29.329,29.516,29.617,29.668,29.702,29.753,29.837,30.09,30.124,30.292,30.393,30.461,30.444,30.343,30.259,30.309,30.461,29.922,30.057,29.753,29.566,29.516,29.516,29.566,29.634,29.634,29.736,29.651,29.719,29.719,29.651,29.719,29.803,29.922,30.006,30.04,30.04,29.938,29.736,29.617,29.77,29.803,29.82,29.955,29.972,30.259,30.427,30.427,30.461,30.477,30.528,30.544,30.578,30.695,30.796,30.963,31.331,31.763,31.996,32.111,32.161,32.194,32.211,32.227,32.227,32.277,32.343,32.376,32.376,32.343,32.59,32.772,32.903,32.969,33.264,33.575,33.803,33.869,33.966,34.097,34.21,34.373,34.794,35.052,35.116,35.277,35.487,35.743,35.935,36.095,36.367,36.637,36.86,37.303,37.714,37.918,38.138,38.342,38.655,39.123,39.372,39.543,39.791,39.945,40.007,40.146,40.454,40.7,40.808,40.961,41.267,41.42,41.496,41.588,41.695,41.786,41.938,42.105,42.196,42.363,42.424,42.529,42.605,42.741,42.877,42.937,43.028,43.193,43.253,43.374,43.539,43.674,43.763,43.928,44.077,44.122,44.257,44.316,44.346,44.346,44.346,44.376,44.391,44.361,44.391,44.391,44.316,44.435,44.48,44.584,44.599,44.465,44.465,44.435,44.48,44.525,44.614,44.777,44.554,44.42,44.658,44.42,44.406,44.376,44.45,44.48,44.316,44.316,44.286,44.257,44.271,44.331,44.286,44.137,43.913,43.763,43.719,43.704,43.853,43.763,43.629,43.283,42.756,41.938,41.451,41.695,42.151,42.439,42.529,42.56,42.499,42.348,41.74,40.331,38.421,36.399,35.615,37.792,40.685,41.634,39.527,41.328,43.479,41.649,40.624,42.922,43.479,40.208,41.39,42.711,39.527,36.175,35.1,34.713,35.213,39.092,43.163,43.298,41.435,42.816,43.823,41.176,41.114,43.058,42.62,39.744,38.999,40.131,39.185,38.827,40.577,40.946,39.17,39.217,40.823,39.434,36.542,35.197,35.454,35.775,35.791,34.891,33.51,34.826,38.515,39.558,37.509,37.54,39.729,39.31,37.272,39.45,39.775,37.792,37.714,39.356,38.561,36.414,35.358,34.794,34.502,34.583,35.261,35.999,36.621,37.934,38.796,37.714,37.761,38.936,37.682,35.871,36.43,36.669,35.775,36.191,36.844,36.335,35.647,36.095,36.223,34.664,32.739,32.277,32.772,33.248,33.067,31.397,30.292,29.82,29.651,29.499,29.363,29.312,29.244,29.125,29.057,29.023,28.989,28.989,28.989,28.972,28.921,28.836,28.699,28.58,28.477,28.562,28.511,28.494,28.528,28.511,28.528,28.511,28.443,28.477,28.545
,28.904,28.921,29.057,29.244,29.482,29.634,29.651,29.685,29.803,29.922,29.972,30.208,30.343,30.393,30.461,30.427,30.242,30.073,30.073,30.023,29.753,29.617,29.583,29.499,29.465,29.465,29.431,29.38,29.397,29.431,29.397,29.431,29.482,29.278,29.193,29.227,29.142,29.227,29.244,29.193,29.261,29.176,28.955,29.057,29.142,29.108,29.38,29.125,29.227,29.244,29.261,29.261,29.312,29.431,29.312,29.176,29.21,29.21,29.312,29.651,29.82,29.854,29.905,29.753,29.803,29.753,29.634,29.533,29.668,29.786,29.871,29.77,29.803,29.803,29.82,29.922,29.989,30.107,30.191,30.225,30.276,30.309,30.36,30.444,30.595,30.695,30.796,30.863,30.93,30.947,31.047,31.147,31.231,31.464,31.647,31.763,32.045,32.293,32.475,32.689,32.903,33.002,33.297,33.608,33.706,33.852,34.031,34.243,34.356,34.761,35.358,35.422,35.583,35.887,36.047,36.159,36.255,36.446,36.653,36.764,36.891,37.113,37.477,37.682,37.855,38.06,38.421,38.811,38.952,39.139,39.341,39.496,39.729,39.961,40.192,40.347,40.577,40.961,41.206,41.267,41.283,41.328,41.451,41.603,41.664,41.832,41.953,41.984,42.105,42.227,42.302,42.469,42.514,42.771,42.681,42.741,42.832,42.967,43.103,43.238,43.208,43.268,43.404,43.374,43.434,43.494,43.599,43.659,43.704,43.644,43.659,43.689,43.733,43.748,43.778,43.689,43.494,43.404,43.389,43.253,43.223,43.253,43.118,43.088,42.952,42.635,42.514,42.439,42.302,42.363,42.348,42.227,42.272,42.242,41.695,41.16,40.023,38.201,36.335,35.567,36.558,37.808,38.421,37.509,39.868,42.211,40.47,39.356,41.725,42.408,39.263,39.698,40.531,38.138,35.647,34.567,34.292,35.149,39.45,42.12,41.374,39.589,41.283,42.756,40.285,40.377,41.877,41.695,39.636,39.791,40.746,39.248,38.967,40.961,41.298,39.419,39.775,41.695,40.069,36.733,35.133,35.245,35.519,35.695,34.81,33.542,35.743,40.961,41.099,38.499,39.341,42.605,41.176,37.997,41.007,41.237,38.53,39.045,41.084,39.806,36.701,35.229,34.389,33.966,34.292,35.679,36.955,37.729,39.31,40.131,38.608,38.608,40.47,38.593,36.478,37.082,37.098,35.887,36.733,37.446,36.653,36.43,37.003,36.701,34.794,32.706,32.31,32.557,33.199,32.854,31.297,30.175,29.77,29.617,29.448,29.312,29.244,29.193,29.091,28.989,28.989,28.955,28.938,28.904,28.836,28.819,28.801,28.716,28.682,28.597,28.562,28.511,28.511,28.494,28.477,28.494,28.511,28.408,28.494,28.477
,28.853,28.921,29.023,29.193,29.329,29.499,29.6,29.668,29.753,29.719,29.837,29.905,30.124,30.107,30.242,30.259,30.073,29.905,29.803,29.702,29.651,29.533,29.431,29.397,29.363,29.312,29.278,29.227,29.159,29.125,29.193,29.108,29.244,29.091,28.955,29.006,29.023,28.938,28.87,28.87,28.887,28.904,28.887,28.904,29.023,28.921,28.972,28.989,28.955,28.887,28.955,29.074,29.091,29.057,28.955,28.904,28.972,28.989,29.057,29.312,29.414,29.414,29.414,29.448,29.414,29.312,29.278,29.227,29.193,29.244,29.431,29.244,29.057,29.023,29.091,29.091,29.159,29.125,29.057,29.006,29.04,28.989,28.955,28.972,29.091,29.091,29.142,29.261,29.261,29.159,29.176,29.244,29.312,29.414,29.397,29.414,29.566,29.719,29.837,29.955,29.989,30.057,30.276,30.276,30.326,30.461,30.494,30.561,30.628,30.93,31.264,31.281,31.297,31.364,31.397,31.497,31.664,31.813,31.863,31.913,32.045,32.111,32.293,32.392,32.541,32.903,33.133,33.395,33.591,33.657,33.738,33.966,34.292,34.519,34.745,34.907,35.02,35.406,35.679,35.775,35.823,35.855,36.095,36.383,36.542,36.653,36.717,36.717,37.003,37.208,37.319,37.714,37.745,37.981,38.107,38.217,38.374,38.499,38.796,39.232,39.372,39.465,39.791,39.651,39.791,39.93,40.347,40.547,40.67,40.746,40.869,41.038,41.191,41.374,41.588,41.71,41.771,41.847,41.892,41.801,41.771,41.862,41.877,41.892,41.938,41.892,41.832,41.816,41.801,41.801,41.801,41.771,41.862,41.664,40.931,40.177,39.45,38.217,36.526,35.615,35.438,35.374,35.277,35.133,35.116,35.229,35.116,34.955,34.955,35.084,34.971,35.116,35.31,35.116,34.535,34.129,33.983,34.113,35.197,36.063,36.207,36.079,36.319,37.208,36.621,36.43,37.003,37.129,36.303,36.367,36.971,36.239,36.414,37.588,37.887,36.923,36.923,38.154,37.414,35.759,35.052,35.294,35.631,35.487,34.243,32.887,34.81,39.076,39.527,37.351,37.777,40.9,40.023,36.78,38.749,39.481,37.034,38.076,39.992,39.185,36.319,34.551,33.918,33.706,33.852,35.551,37.145,37.54,38.843,39.589,37.997,37.918,39.93,38.687,36.399,37.729,37.966,36.223,37.43,38.624,37.698,37.43,38.342,38.013,35.438,32.689,32.458,32.64,33.215,32.772,31.097,30.006,29.651,29.533,29.414,29.244,29.159,29.125,29.023,28.921,28.921,28.87,28.819,28.819,28.801,28.784,28.75,28.699,28.648,28.614,28.528,28.545,28.511,28.494,28.494,28.477,28.477,28.426,28.443,28.374
,28.87,28.955,29.006,29.125,29.397,29.516,29.549,29.634,29.702,29.702,29.77,29.905,29.922,30.006,29.989,29.972,29.989,29.871,29.803,29.736,29.6,29.448,29.278,29.176,29.278,29.21,29.091,29.074,29.091,29.125,29.074,29.04,29.04,28.853,28.972,28.87,28.87,28.887,28.87,28.853,28.819,28.819,28.87,28.819,28.801,28.836,28.836,28.767,28.887,28.836,28.853,28.87,28.887,28.904,28.801,28.767,28.767,28.733,28.784,29.074,29.278,29.227,29.261,29.261,29.227,29.227,29.176,29.193,29.159,29.108,29.091,28.819,28.836,28.836,28.955,28.955,28.938,28.955,28.938,28.836,28.819,28.819,28.75,28.733,28.767,28.853,28.801,28.767,28.75,28.699,28.784,28.853,28.836,28.801,28.819,28.801,28.75,28.887,29.023,29.159,29.278,29.295,29.329,29.346,29.329,29.329,29.312,29.346,29.397,29.549,29.566,29.566,29.583,29.583,29.634,29.634,29.736,29.77,29.77,29.786,29.888,29.871,29.837,29.786,29.854,30.124,30.225,30.242,30.276,30.242,30.309,30.41,30.511,30.612,30.83,30.997,31.047,31.147,31.297,31.414,31.564,31.564,31.747,32.012,32.194,32.31,32.244,32.227,32.293,32.343,32.425,32.475,32.623,32.854,32.887,33.067,33.182,33.297,33.395,34.113,34.194,34.259,34.259,34.129,34.275,34.324,34.405,34.551,34.729,34.842,35.02,35.39,35.695,35.935,36.303,36.701,37.066,37.43,37.714,37.603,37.556,37.651,37.808,38.06,38.295,38.421,38.577,38.765,38.921,39.045,39.17,39.325,39.589,39.465,38.889,38.905,38.874,38.671,37.714,36.335,35.823,35.759,35.583,35.47,35.406,35.374,35.294,35.165,35.02,34.955,34.923,34.874,34.826,34.664,34.097,33.673,33.591,33.738,34.064,34.292,34.34,34.373,34.421,34.438,34.47,34.454,34.438,34.389,34.292,34.194,34.031,34.015,34.259,34.356,34.356,34.405,34.486,34.745,34.729,34.502,34.777,35.47,35.743,35.374,34.113,32.442,32.541,33.428,33.934,33.64,33.771,34.47,34.324,33.575,33.885,34.178,33.575,33.836,34.68,34.761,34.129,33.689,33.428,33.379,33.461,34.048,34.454,34.356,35.036,35.535,34.81,34.761,35.855,35.567,34.324,35.133,35.615,34.583,35.261,36.255,35.759,35.438,36.159,36.159,34.389,32.508,32.475,32.772,33.264,32.788,31.014,30.006,29.634,29.465,29.329,29.176,29.057,29.023,28.972,28.87,28.819,28.784,28.733,28.784,28.75,28.682,28.682,28.665,28.545,28.477,28.528,28.477,28.477,28.528,28.511,28.477,28.477,28.46,28.443,28.426
,28.87,28.887,28.955,29.108,29.346,29.482,29.566,29.617,29.583,29.702,29.719,29.786,29.837,29.888,29.955,29.955,29.837,29.685,29.719,29.617,29.516,29.363,29.244,29.193,29.108,28.989,28.955,28.938,28.921,28.938,28.887,28.87,28.938,28.904,28.836,28.801,28.699,28.699,28.75,28.784,28.784,28.75,28.767,28.75,28.767,28.716,28.767,28.767,28.699,28.784,28.784,28.767,28.733,28.733,28.699,28.699,28.733,28.75,28.784,28.904,29.142,29.21,29.21,29.193,29.159,29.108,29.074,29.006,29.074,28.955,28.972,28.733,28.801,28.801,28.801,28.784,28.767,28.784,28.716,28.733,28.682,28.614,28.597,28.58,28.614,28.665,28.614,28.597,28.597,28.597,28.631,28.682,28.716,28.716,28.665,28.631,28.665,28.665,28.699,28.887,29.023,29.04,29.023,29.057,29.04,29.074,29.074,29.108,29.159,29.142,29.142,29.159,29.176,29.193,29.21,29.295,29.363,29.244,29.142,29.176,29.227,29.244,29.227,29.295,29.38,29.431,29.397,29.363,29.346,29.278,29.363,29.414,29.38,29.465,29.516,29.533,29.668,29.634,29.685,29.583,29.634,29.583,29.719,29.854,29.905,29.922,29.82,29.753,29.77,29.736,29.82,29.685,29.77,29.938,29.922,30.073,30.073,30.107,30.124,30.158,30.292,30.326,30.427,30.444,30.461,30.544,30.511,30.544,30.763,30.846,30.963,31.131,31.181,31.297,31.397,31.597,32.012,32.376,32.607,32.458,32.194,32.211,32.376,32.508,32.64,32.837,33.084,33.33,33.493,33.722,33.934,34.145,34.324,34.502,34.567,35.422,36.047,36.095,36.095,35.823,35.679,35.663,35.871,36.079,36.223,36.367,36.399,36.319,36.191,36.095,36.015,35.935,35.551,34.438,33.738,33.51,33.444,34.048,35.535,36.143,36.095,36.079,36.095,36.111,36.175,36.175,36.191,36.031,35.679,35.519,35.374,35.197,35.02,34.955,34.987,34.923,34.858,34.842,34.777,34.632,35.036,35.983,35.871,35.599,35.116,33.673,32.952,33.1,33.231,33.215,33.084,33.166,32.92,32.87,32.689,32.656,32.59,32.557,32.541,32.739,33.035,33.182,33.1,33.002,32.969,32.903,32.722,32.508,32.64,32.821,32.706,32.706,32.887,32.788,32.557,32.475,32.64,32.607,32.623,33.002,32.772,32.673,33.067,33.215,32.772,32.326,32.541,32.854,33.395,32.804,31.08,29.989,29.617,29.431,29.244,29.091,28.972,28.87,28.836,28.784,28.75,28.665,28.648,28.631,28.631,28.631,28.614,28.528,28.443,28.477,28.528,28.511,28.477,28.511,28.477,28.477,28.58,28.597,28.494,28.443
,28.836,28.887,29.04,29.125,29.244,29.312,29.431,29.549,29.583,29.583,29.685,29.77,29.82,29.82,29.803,29.753,29.685,29.617,29.617,29.583,29.448,29.329,29.227,29.057,28.938,28.904,28.887,28.87,28.904,28.955,28.819,28.784,28.767,28.801,28.699,28.716,28.716,28.75,28.699,28.665,28.699,28.699,28.682,28.699,28.699,28.699,28.699,28.631,28.648,28.648,28.682,28.665,28.699,28.665,28.614,28.58,28.562,28.545,28.631,28.887,29.091,29.108,29.074,29.074,29.023,28.938,28.972,28.938,28.853,29.006,28.819,28.665,28.716,28.682,28.733,28.648,28.682,28.699,28.614,28.545,28.494,28.477,28.46,28.477,28.477,28.528,28.528,28.511,28.511,28.528,28.562,28.562,28.562,28.58,28.562,28.545,28.597,28.562,28.562,28.665,28.75,28.784,28.853,28.938,28.955,28.955,28.921,28.972,29.006,28.989,29.006,29.057,29.108,29.074,29.057,29.057,29.057,29.04,29.023,29.057,29.074,29.108,29.108,29.159,29.176,29.125,29.04,29.006,29.04,29.023,29.108,29.142,29.023,28.989,29.04,29.074,29.244,29.176,29.295,29.227,29.193,29.21,29.176,29.193,29.329,29.397,29.295,29.193,29.261,29.261,29.397,29.261,29.244,29.21,29.244,29.295,29.21,29.091,29.091,29.074,28.904,28.972,29.04,29.04,29.057,29.159,29.074,29.006,29.125,29.074,29.193,29.176,29.159,29.159,29.023,28.955,29.108,29.21,29.21,29.21,29.125,29.142,29.261,29.312,29.346,29.329,29.329,29.363,29.448,29.583,29.617,29.702,29.803,29.922,29.803,29.955,30.259,30.41,30.578,30.645,30.695,30.763,30.863,30.93,30.997,31.231,31.364,31.414,31.481,31.564,31.813,31.929,33.051,33.395,33.346,33.117,33.1,32.804,32.755,32.837,33.199,33.722,33.624,33.64,33.624,33.722,33.803,33.706,33.657,33.803,33.869,33.852,33.869,33.787,33.885,34.097,34.145,34.162,34.227,34.275,34.373,34.583,34.535,34.324,34.34,34.113,33.95,33.999,33.934,33.869,33.836,33.803,33.706,33.575,33.411,33.313,33.182,33.067,32.985,33.051,32.936,32.936,32.87,32.772,32.739,32.821,33.018,33.1,32.969,32.788,32.969,32.92,32.689,32.804,32.64,32.491,32.425,32.425,32.392,32.26,32.078,32.029,32.178,32.293,32.293,32.458,32.887,33.215,33.477,32.804,30.947,29.803,29.516,29.346,29.159,29.023,28.887,28.784,28.75,28.716,28.665,28.665,28.597,28.58,28.58,28.58,28.562,28.528,28.443,28.374,28.494,28.46,28.46,28.494,28.528,28.511,28.494,28.528,28.511,28.46
,28.836,28.904,29.023,29.074,29.21,29.329,29.397,29.465,29.549,29.549,29.685,29.668,29.77,29.786,29.736,29.702,29.634,29.533,29.516,29.482,29.397,29.346,29.227,29.057,28.921,28.887,28.853,28.819,28.784,28.784,28.87,28.853,28.665,28.699,28.648,28.597,28.682,28.648,28.597,28.614,28.665,28.682,28.665,28.631,28.631,28.631,28.562,28.58,28.58,28.528,28.58,28.58,28.58,28.597,28.545,28.494,28.46,28.46,28.58,28.784,28.972,28.938,28.921,28.887,28.887,28.853,28.784,28.699,28.631,28.887,28.597,28.597,28.511,28.545,28.614,28.545,28.545,28.562,28.443,28.34,28.323,28.374,28.391,28.391,28.408,28.408,28.408,28.426,28.426,28.408,28.408,28.391,28.374,28.391,28.426,28.46,28.494,28.477,28.511,28.562,28.58,28.665,28.767,28.767,28.75,28.733,28.716,28.784,28.767,28.784,28.767,28.819,28.955,28.921,28.836,28.836,28.887,28.887,28.887,28.887,28.887,28.921,28.955,28.938,28.887,28.853,28.853,28.836,28.836,28.819,28.836,28.87,28.836,28.801,28.801,28.801,28.836,28.853,28.904,28.972,28.955,28.972,28.972,29.057,29.04,29.074,29.074,28.989,29.074,29.023,29.125,28.989,28.972,28.87,28.836,28.887,28.819,28.767,28.801,28.767,28.631,28.716,28.682,28.767,28.699,28.75,28.784,28.682,28.648,28.648,28.767,28.648,28.699,28.75,28.648,28.614,28.511,28.494,28.426,28.374,28.254,28.237,28.306,28.306,28.306,28.271,28.271,28.289,28.271,28.391,28.306,28.306,28.374,28.477,28.511,28.545,28.511,28.511,28.528,28.494,28.631,28.648,28.648,28.545,28.631,28.682,28.699,28.75,28.801,29.023,29.244,29.651,31.614,32.739,32.887,32.837,32.673,31.447,30.09,29.533,29.499,29.702,29.702,29.651,29.566,29.549,29.736,30.023,29.922,29.905,30.107,30.158,30.175,30.023,29.871,30.09,30.343,30.376,30.427,30.494,30.578,30.645,30.628,30.628,30.712,30.729,30.779,30.83,30.846,30.88,30.896,31.047,31.064,31.064,31.03,30.913,30.98,31.03,31.08,31.946,32.409,32.442,32.656,32.541,32.194,31.796,31.597,31.747,31.763,31.664,31.83,31.78,31.664,31.929,31.846,31.846,31.813,31.813,31.929,31.83,31.863,31.813,31.896,32.111,32.194,32.293,32.524,32.739,32.706,32.161,30.511,29.719,29.431,29.244,29.125,29.006,28.819,28.75,28.699,28.631,28.562,28.597,28.562,28.545,28.545,28.528,28.477,28.46,28.443,28.426,28.494,28.443,28.443,28.477,28.494,28.511,28.494,28.494,28.528,28.443
,28.819,28.853,29.04,29.091,29.21,29.312,29.346,29.397,29.482,29.549,29.617,29.668,29.77,29.786,29.753,29.719,29.617,29.533,29.516,29.482,29.38,29.363,29.176,28.955,28.853,28.801,28.733,28.716,28.716,28.716,28.699,28.631,28.631,28.597,28.648,28.562,28.545,28.511,28.562,28.614,28.597,28.597,28.614,28.58,28.528,28.562,28.511,28.528,28.426,28.46,28.494,28.477,28.511,28.494,28.443,28.408,28.408,28.426,28.545,28.75,28.87,28.87,28.853,28.853,28.819,28.716,28.631,28.631,28.648,28.648,28.545,28.46,28.443,28.391,28.511,28.443,28.443,28.408,28.34,28.289,28.254,28.306,28.34,28.357,28.357,28.357,28.323,28.357,28.323,28.306,28.254,28.237,28.271,28.306,28.323,28.34,28.357,28.323,28.374,28.443,28.46,28.494,28.58,28.58,28.511,28.545,28.562,28.545,28.545,28.58,28.614,28.597,28.682,28.699,28.665,28.699,28.716,28.665,28.682,28.699,28.699,28.716,28.716,28.699,28.648,28.614,28.597,28.614,28.631,28.665,28.648,28.648,28.648,28.682,28.665,28.597,28.597,28.631,28.631,28.682,28.75,28.801,28.784,28.87,28.819,28.767,28.853,28.699,28.836,28.733,28.853,28.631,28.682,28.648,28.597,28.614,28.614,28.58,28.562,28.58,28.528,28.631,28.477,28.46,28.477,28.631,28.614,28.511,28.528,28.494,28.545,28.443,28.443,28.477,28.34,28.34,28.254,28.22,28.134,28.117,28.117,28.134,28.151,28.065,28.048,28.065,28.048,28.048,28.048,28.014,27.997,28.014,27.962,28.014,28.048,28.1,28.014,28.014,28.014,27.876,27.859,27.894,27.911,27.997,28.048,27.997,28.151,28.289,28.374,28.46,28.767,29.193,31.347,32.541,32.574,32.508,32.343,30.662,29.159,28.853,28.904,29.074,29.04,28.989,28.938,28.938,29.227,29.448,29.346,29.159,29.125,29.312,29.363,29.227,28.955,28.733,28.819,28.853,28.853,28.938,28.989,29.023,28.989,29.057,29.176,29.159,29.227,29.159,29.261,29.108,29.006,29.091,29.125,29.176,29.159,29.431,29.583,29.533,29.566,30.695,31.813,32.178,32.31,32.211,31.481,30.461,29.905,29.888,29.888,29.837,29.871,29.922,29.905,30.006,29.989,30.09,30.175,30.276,30.393,30.612,30.679,30.612,30.763,31.08,31.231,31.147,31.131,31.08,31.03,30.729,30.073,29.6,29.431,29.21,29.006,28.887,28.767,28.699,28.665,28.614,28.545,28.545,28.528,28.511,28.511,28.46,28.426,28.426,28.357,28.357,28.357,28.391,28.426,28.443,28.443,28.443,28.477,28.511,28.477,28.528
,28.819,28.853,28.972,29.074,29.21,29.295,29.346,29.397,29.465,29.549,29.6,29.668,29.719,29.719,29.77,29.651,29.499,29.482,29.465,29.397,29.278,29.278,28.989,28.819,28.767,28.733,28.716,28.699,28.682,28.648,28.614,28.614,28.597,28.648,28.545,28.58,28.545,28.494,28.528,28.528,28.511,28.528,28.562,28.528,28.477,28.477,28.426,28.46,28.426,28.391,28.357,28.408,28.408,28.408,28.34,28.34,28.323,28.374,28.494,28.665,28.801,28.801,28.801,28.784,28.75,28.716,28.631,28.562,28.614,28.597,28.562,28.34,28.357,28.289,28.357,28.357,28.374,28.323,28.254,28.22,28.168,28.22,28.306,28.34,28.306,28.289,28.254,28.237,28.22,28.237,28.22,28.203,28.203,28.237,28.254,28.22,28.237,28.22,28.22,28.237,28.289,28.306,28.34,28.34,28.289,28.374,28.391,28.357,28.357,28.357,28.426,28.494,28.511,28.477,28.494,28.511,28.494,28.46,28.494,28.528,28.528,28.545,28.528,28.494,28.494,28.477,28.426,28.426,28.443,28.494,28.443,28.426,28.477,28.494,28.46,28.443,28.477,28.494,28.477,28.494,28.528,28.562,28.562,28.631,28.528,28.494,28.545,28.46,28.528,28.511,28.545,28.477,28.494,28.494,28.443,28.391,28.511,28.374,28.306,28.289,28.237,28.357,28.323,28.168,28.22,28.357,28.323,28.306,28.408,28.374,28.323,28.323,28.134,28.168,28.117,27.997,27.842,27.945,28.014,27.911,27.842,27.842,27.876,27.928,27.876,27.894,27.894,27.911,27.962,27.911,27.876,27.859,27.842,27.842,27.825,27.808,27.825,27.825,27.79,27.773,27.79,27.756,27.773,27.79,27.773,27.808,28.014,27.98,28.117,28.271,28.426,28.972,31.214,32.326,32.359,32.392,32.029,30.107,28.955,28.716,28.682,28.819,28.853,28.767,28.75,28.801,28.887,28.904,28.955,28.989,29.006,29.091,28.989,28.648,28.58,28.648,28.528,28.562,28.665,28.597,28.494,28.494,28.494,28.58,28.597,28.648,28.597,28.597,28.682,28.614,28.562,28.665,28.597,28.733,28.682,28.819,28.921,28.955,29.074,30.494,31.664,31.913,31.979,31.946,31.131,29.955,29.38,29.261,29.176,29.142,29.074,29.108,29.159,29.074,29.176,29.312,29.414,29.465,29.651,29.922,29.989,29.972,29.989,30.107,30.259,30.175,30.175,30.175,30.04,29.77,29.668,29.465,29.346,29.159,29.023,28.887,28.716,28.665,28.597,28.545,28.562,28.528,28.511,28.477,28.443,28.408,28.391,28.391,28.391,28.408,28.374,28.391,28.408,28.408,28.426,28.426,28.426,28.46,28.408,28.408
,28.836,28.853,28.989,29.04,29.21,29.312,29.363,29.431,29.516,29.533,29.634,29.651,29.702,29.668,29.651,29.617,29.533,29.448,29.414,29.397,29.227,29.176,28.972,28.784,28.733,28.699,28.682,28.682,28.631,28.58,28.528,28.528,28.545,28.562,28.528,28.528,28.443,28.443,28.46,28.494,28.494,28.477,28.494,28.511,28.477,28.391,28.357,28.357,28.46,28.357,28.357,28.357,28.374,28.323,28.271,28.254,28.271,28.34,28.46,28.648,28.767,28.767,28.75,28.699,28.648,28.682,28.562,28.477,28.528,28.477,28.408,28.306,28.271,28.289,28.323,28.323,28.323,28.271,28.22,28.151,28.168,28.151,28.203,28.254,28.203,28.186,28.151,28.134,28.134,28.134,28.134,28.117,28.117,28.134,28.117,28.117,28.151,28.151,28.134,28.134,28.168,28.186,28.203,28.168,28.168,28.237,28.254,28.254,28.289,28.323,28.323,28.34,28.391,28.374,28.357,28.374,28.357,28.374,28.391,28.391,28.374,28.391,28.374,28.34,28.306,28.357,28.34,28.323,28.306,28.289,28.306,28.306,28.323,28.34,28.289,28.306,28.289,28.306,28.323,28.34,28.374,28.391,28.426,28.374,28.323,28.271,28.254,28.289,28.357,28.374,28.391,28.374,28.357,28.34,28.306,28.323,28.34,28.254,28.134,28.134,28.1,28.117,28.168,28.1,28.1,28.065,28.083,28.186,28.237,28.22,28.083,28.117,28.065,28.048,27.945,27.859,27.79,27.842,27.876,27.808,27.79,27.756,27.739,27.721,27.704,27.756,27.808,27.842,27.825,27.756,27.756,27.704,27.67,27.687,27.739,27.721,27.721,27.721,27.704,27.704,27.687,27.653,27.704,27.687,27.704,27.79,27.808,27.876,27.962,28.134,28.254,29.261,31.314,32.145,32.178,32.194,31.863,30.057,28.819,28.528,28.597,28.665,28.819,28.75,28.733,28.836,28.819,28.836,28.87,28.887,28.887,28.87,28.887,28.682,28.391,28.408,28.46,28.426,28.443,28.426,28.408,28.408,28.408,28.408,28.443,28.46,28.443,28.46,28.46,28.494,28.494,28.597,28.494,28.511,28.58,28.614,28.648,28.716,28.989,30.662,31.614,31.697,31.747,31.597,30.695,29.668,29.227,29.074,29.057,29.074,28.921,28.938,28.989,28.972,29.006,29.142,29.193,29.261,29.465,29.719,29.82,29.82,29.837,29.888,29.938,29.871,29.905,29.955,29.82,29.448,29.38,29.397,29.244,29.091,29.006,28.887,28.75,28.733,28.545,28.528,28.511,28.494,28.477,28.46,28.426,28.374,28.357,28.323,28.357,28.374,28.357,28.391,28.391,28.374,28.374,28.391,28.426,28.391,28.374,28.357
,28.836,28.836,28.972,29.091,29.21,29.295,29.38,29.465,29.549,29.549,29.617,29.668,29.685,29.651,29.6,29.583,29.516,29.448,29.397,29.346,29.244,29.108,28.887,28.733,28.699,28.665,28.648,28.614,28.58,28.545,28.545,28.494,28.494,28.46,28.46,28.443,28.391,28.357,28.34,28.391,28.426,28.408,28.443,28.477,28.408,28.408,28.374,28.374,28.34,28.271,28.306,28.254,28.254,28.237,28.203,28.203,28.237,28.271,28.46,28.631,28.682,28.716,28.682,28.648,28.631,28.528,28.34,28.357,28.408,28.477,28.391,28.306,28.22,28.203,28.271,28.271,28.254,28.203,28.186,28.151,28.134,28.083,28.117,28.083,28.1,28.1,28.065,28.065,28.083,28.083,28.048,28.014,28.014,28.048,28.065,28.065,28.083,28.083,28.083,28.083,28.1,28.1,28.1,28.1,28.117,28.168,28.203,28.203,28.203,28.237,28.237,28.254,28.306,28.306,28.254,28.271,28.306,28.323,28.34,28.289,28.289,28.271,28.237,28.22,28.237,28.237,28.22,28.22,28.22,28.22,28.237,28.203,28.203,28.186,28.186,28.151,28.134,28.151,28.22,28.254,28.22,28.22,28.254,28.203,28.203,28.22,28.186,28.168,28.186,28.203,28.237,28.254,28.168,28.168,28.134,28.186,28.151,28.117,28.083,28.1,28.031,28.014,27.98,27.997,28.048,28.014,28.014,27.997,27.997,27.962,27.98,28.014,27.98,27.911,27.808,27.773,27.704,27.653,27.566,27.618,27.67,27.584,27.566,27.584,27.601,27.618,27.601,27.618,27.618,27.618,27.566,27.514,27.566,27.584,27.566,27.549,27.566,27.618,27.635,27.618,27.584,27.618,27.653,27.601,27.618,27.67,27.721,27.739,27.876,28.031,28.203,29.414,31.264,31.946,32.029,31.979,31.347,29.583,28.562,28.357,28.289,28.426,28.597,28.631,28.528,28.631,28.682,28.614,28.699,28.733,28.767,28.75,28.716,28.58,28.34,28.323,28.357,28.34,28.34,28.34,28.34,28.357,28.34,28.323,28.34,28.357,28.34,28.34,28.323,28.323,28.357,28.494,28.443,28.477,28.545,28.426,28.562,28.614,29.159,30.712,31.497,31.547,31.514,31.181,30.191,29.244,28.955,28.853,28.938,28.887,28.904,28.87,28.836,28.938,28.87,28.972,28.989,29.125,29.295,29.583,29.736,29.719,29.685,29.736,29.786,29.702,29.719,29.651,29.465,29.261,29.261,29.278,29.193,29.091,28.955,28.784,28.699,28.682,28.562,28.511,28.426,28.426,28.426,28.426,28.391,28.357,28.323,28.306,28.34,28.271,28.34,28.306,28.34,28.374,28.408,28.426,28.408,28.34,28.357,28.34
,28.767,28.801,28.955,29.057,29.193,29.278,29.346,29.448,29.516,29.549,29.634,29.634,29.651,29.634,29.583,29.533,29.465,29.397,29.312,29.261,29.244,29.074,28.904,28.733,28.682,28.665,28.631,28.597,28.562,28.528,28.511,28.477,28.494,28.46,28.374,28.408,28.34,28.34,28.357,28.357,28.34,28.34,28.357,28.357,28.374,28.357,28.323,28.271,28.323,28.203,28.22,28.254,28.203,28.186,28.168,28.168,28.186,28.237,28.443,28.631,28.682,28.682,28.631,28.614,28.58,28.494,28.357,28.323,28.408,28.477,28.323,28.237,28.203,28.186,28.151,28.186,28.203,28.168,28.151,28.1,28.014,27.997,27.98,27.997,28.014,27.98,27.98,27.997,28.031,28.014,27.98,27.962,27.962,27.997,28.031,28.031,28.014,28.031,28.014,27.997,28.014,28.031,28.048,28.065,28.083,28.083,28.134,28.151,28.168,28.186,28.186,28.203,28.254,28.254,28.237,28.203,28.203,28.203,28.22,28.203,28.203,28.168,28.151,28.151,28.186,28.151,28.151,28.186,28.168,28.134,28.151,28.151,28.134,28.083,28.065,28.048,28.048,28.065,28.1,28.134,28.168,28.117,28.1,28.065,28.1,28.134,28.1,28.083,28.083,28.1,28.168,28.151,28.048,28.048,27.997,28.014,27.997,27.962,28.014,28.014,27.962,27.945,27.894,27.859,27.945,27.997,27.962,27.894,27.842,27.859,27.894,27.911,27.894,27.859,27.756,27.704,27.635,27.566,27.497,27.48,27.48,27.48,27.497,27.497,27.48,27.463,27.48,27.445,27.411,27.445,27.463,27.445,27.463,27.445,27.445,27.48,27.497,27.532,27.566,27.48,27.497,27.532,27.549,27.532,27.549,27.601,27.653,27.653,27.739,28.031,28.203,29.499,31.147,31.78,31.83,31.846,31.03,29.227,28.357,28.254,28.254,28.443,28.46,28.408,28.306,28.408,28.58,28.648,28.597,28.545,28.58,28.631,28.46,28.271,28.254,28.237,28.237,28.22,28.254,28.289,28.289,28.306,28.306,28.289,28.306,28.289,28.289,28.271,28.237,28.237,28.306,28.357,28.391,28.374,28.443,28.408,28.511,28.631,29.448,30.796,31.297,31.364,31.347,30.813,29.803,29.057,28.819,28.699,28.699,28.597,28.836,28.733,28.75,28.665,28.716,28.836,28.853,29.057,29.227,29.465,29.634,29.651,29.6,29.549,29.533,29.583,29.549,29.38,29.295,29.193,29.193,29.21,29.125,29.023,28.921,28.784,28.665,28.597,28.597,28.477,28.511,28.426,28.357,28.357,28.34,28.323,28.306,28.289,28.254,28.374,28.391,28.357,28.323,28.34,28.374,28.426,28.408,28.426,28.323,28.34
,28.733,28.75,28.853,29.04,29.159,29.227,29.346,29.448,29.499,29.533,29.617,29.617,29.6,29.6,29.549,29.516,29.448,29.346,29.261,29.244,29.176,28.989,28.921,28.699,28.614,28.597,28.562,28.545,28.528,28.494,28.443,28.408,28.357,28.34,28.289,28.306,28.306,28.34,28.323,28.306,28.34,28.34,28.34,28.323,28.306,28.289,28.271,28.237,28.271,28.22,28.237,28.186,28.151,28.134,28.134,28.134,28.151,28.203,28.391,28.597,28.648,28.648,28.631,28.545,28.511,28.426,28.357,28.323,28.391,28.374,28.289,28.22,28.168,28.134,28.1,28.1,28.134,28.134,28.065,28.014,27.962,27.945,27.894,27.928,27.945,27.928,27.928,27.945,27.928,27.911,27.911,27.894,27.894,27.945,27.98,27.98,27.98,27.962,27.945,27.945,27.962,27.98,27.997,28.031,28.014,28.031,28.083,28.1,28.117,28.151,28.151,28.186,28.203,28.186,28.186,28.168,28.151,28.134,28.151,28.151,28.151,28.117,28.083,28.083,28.1,28.117,28.117,28.117,28.083,28.048,28.065,28.1,28.065,28.031,27.997,27.997,28.014,28.014,28.014,28.048,28.065,27.997,28.014,28.048,28.014,28.031,28.031,27.997,28.031,28.065,28.048,28.031,28.031,28.014,27.928,27.945,27.928,27.911,27.928,27.945,27.876,27.825,27.808,27.773,27.825,27.825,27.825,27.79,27.773,27.79,27.79,27.842,27.79,27.773,27.687,27.618,27.566,27.463,27.394,27.428,27.411,27.428,27.428,27.359,27.342,27.359,27.359,27.359,27.359,27.324,27.307,27.342,27.359,27.342,27.359,27.359,27.394,27.445,27.445,27.394,27.411,27.359,27.376,27.428,27.463,27.48,27.497,27.549,27.549,27.859,28.186,29.651,31.247,31.78,31.83,31.747,30.595,28.955,28.271,28.203,28.186,28.34,28.306,28.237,28.22,28.323,28.443,28.426,28.443,28.426,28.443,28.426,28.357,28.289,28.168,28.151,28.168,28.151,28.186,28.254,28.237,28.168,28.203,28.254,28.237,28.237,28.237,28.22,28.151,28.22,28.22,28.254,28.289,28.306,28.357,28.34,28.443,28.494,29.566,30.746,31.247,31.264,31.247,30.628,29.533,28.87,28.699,28.597,28.528,28.477,28.648,28.528,28.562,28.511,28.562,28.801,28.887,29.023,29.21,29.414,29.583,29.634,29.549,29.414,29.278,29.295,29.346,29.159,29.142,29.125,29.142,29.108,29.074,28.989,28.836,28.716,28.682,28.648,28.545,28.443,28.391,28.357,28.34,28.323,28.306,28.254,28.237,28.254,28.306,28.289,28.254,28.323,28.357,28.306,28.306,28.374,28.426,28.357,28.357,28.408
,28.733,28.767,28.853,29.006,29.125,29.21,29.329,29.431,29.482,29.516,29.583,29.566,29.549,29.583,29.516,29.38,29.329,29.295,29.21,29.176,29.108,28.836,28.887,28.665,28.58,28.528,28.511,28.511,28.511,28.494,28.408,28.374,28.374,28.289,28.254,28.254,28.289,28.289,28.254,28.271,28.289,28.289,28.289,28.289,28.289,28.254,28.237,28.237,28.186,28.186,28.168,28.151,28.134,28.134,28.117,28.117,28.134,28.186,28.323,28.511,28.58,28.58,28.528,28.477,28.46,28.477,28.426,28.426,28.391,28.306,28.271,28.168,28.1,28.083,28.117,28.083,28.1,28.1,28.014,27.962,27.928,27.894,27.894,27.894,27.911,27.876,27.859,27.842,27.842,27.842,27.876,27.876,27.876,27.894,27.928,27.928,27.928,27.911,27.928,27.928,27.928,27.945,27.945,27.98,27.98,27.997,28.031,28.048,28.065,28.1,28.134,28.151,28.186,28.168,28.168,28.168,28.134,28.134,28.117,28.083,28.083,28.065,28.014,28.031,28.065,28.048,28.031,27.997,27.98,27.98,28.048,28.065,28.048,28.031,28.014,27.98,27.997,27.98,27.945,27.98,27.98,27.928,27.962,27.98,27.962,27.98,27.98,27.928,27.962,27.98,27.928,27.98,27.962,27.98,27.894,27.894,27.859,27.859,27.808,27.859,27.808,27.756,27.739,27.739,27.773,27.704,27.721,27.704,27.721,27.739,27.721,27.739,27.67,27.618,27.618,27.532,27.445,27.411,27.359,27.359,27.307,27.324,27.324,27.29,27.273,27.29,27.29,27.273,27.255,27.273,27.273,27.29,27.307,27.307,27.307,27.255,27.255,27.307,27.324,27.307,27.307,27.29,27.307,27.324,27.359,27.376,27.394,27.445,27.497,27.756,28.1,29.786,31.214,31.63,31.614,31.497,30.393,28.938,28.306,28.203,28.186,28.203,28.22,28.203,28.203,28.306,28.357,28.374,28.391,28.374,28.34,28.306,28.22,28.117,28.1,28.065,28.048,28.031,28.048,28.117,28.168,28.117,28.048,28.117,28.151,28.151,28.168,28.168,28.151,28.134,28.168,28.237,28.237,28.271,28.203,28.168,28.391,28.511,29.837,30.796,31.147,31.164,31.047,30.444,29.363,28.665,28.58,28.562,28.494,28.477,28.46,28.408,28.374,28.477,28.511,28.75,28.801,28.853,29.023,29.329,29.549,29.549,29.465,29.346,29.21,29.159,29.142,29.091,28.989,29.04,29.091,29.04,29.006,28.955,28.819,28.648,28.58,28.58,28.46,28.443,28.477,28.426,28.323,28.254,28.237,28.237,28.237,28.22,28.254,28.151,28.254,28.271,28.323,28.323,28.306,28.357,28.408,28.357,28.357,28.323
,28.682,28.801,28.938,29.006,29.125,29.21,29.312,29.38,29.431,29.465,29.499,29.516,29.499,29.499,29.38,29.278,29.244,29.227,29.176,29.142,29.074,28.887,28.784,28.597,28.562,28.562,28.545,28.494,28.477,28.46,28.408,28.374,28.289,28.254,28.271,28.289,28.254,28.271,28.289,28.254,28.254,28.271,28.271,28.237,28.237,28.22,28.186,28.203,28.168,28.151,28.134,28.134,28.117,28.1,28.1,28.083,28.117,28.134,28.271,28.408,28.494,28.545,28.494,28.46,28.46,28.426,28.443,28.374,28.34,28.374,28.254,28.151,28.1,28.065,28.1,28.065,28.1,28.083,28.031,27.98,27.911,27.876,27.876,27.859,27.859,27.825,27.808,27.825,27.825,27.808,27.825,27.842,27.842,27.876,27.876,27.859,27.859,27.859,27.876,27.876,27.911,27.928,27.928,27.928,27.945,27.962,27.98,27.997,28.031,28.065,28.083,28.117,28.134,28.134,28.134,28.134,28.117,28.1,28.083,28.048,28.031,27.997,27.98,28.014,28.014,27.98,27.962,27.945,27.911,27.945,28.048,28.083,28.065,28.065,28.031,27.962,27.962,27.945,27.911,27.928,27.911,27.876,27.928,27.928,27.911,27.928,27.911,27.894,27.876,27.894,27.911,27.962,27.928,27.911,27.894,27.859,27.808,27.79,27.739,27.773,27.721,27.687,27.721,27.67,27.687,27.635,27.653,27.635,27.67,27.67,27.653,27.653,27.635,27.549,27.48,27.445,27.342,27.342,27.324,27.29,27.255,27.221,27.221,27.203,27.186,27.186,27.186,27.203,27.238,27.238,27.238,27.255,27.255,27.238,27.238,27.221,27.203,27.203,27.238,27.221,27.203,27.203,27.238,27.255,27.307,27.273,27.29,27.376,27.463,27.653,28.1,29.82,31.181,31.464,31.464,31.297,29.922,28.614,28.186,28.065,28.065,28.117,28.134,28.186,28.186,28.237,28.271,28.289,28.289,28.306,28.306,28.271,28.151,28.014,27.997,28.014,27.98,27.962,27.962,27.98,28.065,28.031,27.928,27.962,28.048,28.117,28.1,28.1,28.134,28.134,28.1,28.065,28.134,28.237,28.1,28.134,28.289,28.562,30.057,30.846,31.03,31.064,30.746,29.837,28.938,28.597,28.562,28.545,28.494,28.443,28.408,28.391,28.374,28.408,28.443,28.614,28.682,28.699,28.955,29.227,29.397,29.38,29.295,29.227,29.159,29.142,29.006,29.006,28.972,28.989,28.989,28.921,28.887,28.853,28.699,28.511,28.46,28.511,28.46,28.408,28.357,28.34,28.306,28.254,28.237,28.203,28.203,28.237,28.186,28.22,28.22,28.186,28.254,28.289,28.289,28.289,28.306,28.289,28.306,28.271
,28.682,28.767,28.87,29.04,29.125,29.176,29.261,29.346,29.397,29.431,29.465,29.499,29.448,29.414,29.346,29.278,29.21,29.159,29.125,29.074,28.955,28.836,28.767,28.631,28.562,28.528,28.494,28.494,28.477,28.408,28.357,28.357,28.271,28.203,28.254,28.237,28.22,28.22,28.237,28.237,28.254,28.254,28.237,28.237,28.22,28.151,28.151,28.134,28.134,28.117,28.1,28.083,28.083,28.065,28.048,28.065,28.083,28.134,28.254,28.374,28.46,28.511,28.511,28.46,28.443,28.443,28.289,28.289,28.323,28.357,28.254,28.168,28.1,28.048,28.014,28.065,28.134,28.083,28.014,27.98,27.894,27.876,27.876,27.859,27.859,27.825,27.773,27.773,27.79,27.773,27.773,27.79,27.79,27.825,27.842,27.825,27.842,27.842,27.842,27.876,27.876,27.894,27.911,27.911,27.911,27.911,27.911,27.962,27.997,28.014,28.048,28.065,28.083,28.065,28.083,28.083,28.048,28.048,28.048,28.014,27.997,27.962,27.945,27.945,27.945,27.945,27.928,27.911,27.876,27.911,27.98,28.048,28.083,28.065,28.014,27.945,27.945,27.928,27.876,27.859,27.825,27.825,27.894,27.894,27.894,27.859,27.825,27.825,27.842,27.876,27.894,27.928,27.894,27.911,27.876,27.842,27.773,27.721,27.704,27.687,27.653,27.635,27.67,27.584,27.549,27.584,27.635,27.584,27.584,27.653,27.635,27.618,27.635,27.532,27.394,27.359,27.324,27.29,27.255,27.221,27.238,27.186,27.151,27.134,27.117,27.117,27.134,27.169,27.203,27.203,27.203,27.203,27.221,27.203,27.186,27.134,27.134,27.134,27.151,27.151,27.151,27.169,27.203,27.221,27.255,27.255,27.255,27.29,27.342,27.514,28.186,30.057,31.264,31.447,31.414,31.231,29.753,28.545,28.186,28.031,28.014,28.048,28.1,28.1,28.1,28.168,28.237,28.254,28.237,28.22,28.203,28.203,28.117,27.98,27.945,27.945,27.911,27.911,27.928,27.876,27.894,27.928,27.928,27.911,27.962,28.031,27.962,28.014,28.014,28.083,27.962,28.031,28.065,28.134,28.048,28.117,28.203,29.04,30.343,30.863,30.93,30.93,30.511,29.431,28.614,28.562,28.545,28.477,28.46,28.426,28.408,28.426,28.357,28.408,28.426,28.494,28.58,28.614,28.904,29.125,29.227,29.261,29.227,29.176,29.091,29.04,29.006,28.87,28.921,28.904,28.955,28.921,28.836,28.784,28.682,28.545,28.46,28.374,28.357,28.357,28.271,28.254,28.254,28.22,28.186,28.186,28.168,28.151,28.203,28.237,28.203,28.237,28.289,28.289,28.271,28.271,28.271,28.271,28.271,28.271
,28.699,28.682,28.784,28.989,29.091,29.176,29.261,29.329,29.38,29.414,29.448,29.482,29.431,29.397,29.38,29.295,29.227,29.159,29.108,29.023,28.921,28.819,28.801,28.648,28.545,28.511,28.477,28.46,28.46,28.443,28.374,28.323,28.271,28.22,28.254,28.186,28.22,28.237,28.237,28.203,28.203,28.203,28.186,28.151,28.117,28.083,28.048,28.1,28.1,28.1,28.065,28.031,28.048,28.065,28.031,28.031,28.048,28.1,28.306,28.46,28.494,28.494,28.494,28.477,28.477,28.408,28.289,28.237,28.22,28.289,28.22,28.186,28.1,27.98,28.031,28.031,28.1,28.083,27.997,27.962,27.911,27.894,27.894,27.876,27.825,27.808,27.756,27.756,27.739,27.739,27.739,27.756,27.756,27.773,27.79,27.825,27.825,27.808,27.825,27.859,27.876,27.894,27.894,27.876,27.876,27.859,27.876,27.911,27.945,27.962,27.98,27.997,28.014,27.997,27.997,28.014,27.997,28.014,28.014,27.98,27.98,27.945,27.928,27.928,27.928,27.911,27.911,27.876,27.859,27.876,27.911,27.962,27.997,27.997,27.962,27.928,27.911,27.876,27.825,27.79,27.825,27.825,27.859,27.876,27.859,27.808,27.79,27.773,27.808,27.842,27.842,27.876,27.842,27.876,27.842,27.808,27.721,27.67,27.653,27.635,27.601,27.584,27.566,27.566,27.532,27.532,27.566,27.549,27.566,27.601,27.584,27.584,27.601,27.549,27.394,27.324,27.255,27.221,27.203,27.186,27.151,27.151,27.117,27.099,27.047,27.082,27.134,27.151,27.169,27.186,27.186,27.203,27.186,27.169,27.151,27.117,27.099,27.082,27.082,27.099,27.134,27.151,27.186,27.186,27.203,27.238,27.273,27.221,27.342,27.549,28.391,30.259,31.264,31.347,31.297,31.03,29.431,28.271,28.065,28.014,28.014,28.048,28.048,28.048,28.065,28.083,28.134,28.168,28.186,28.186,28.168,28.151,28.083,27.98,27.928,27.876,27.894,27.894,27.876,27.859,27.859,27.876,27.859,27.876,27.911,28.014,27.997,28.065,28.065,27.997,27.928,28.048,28.065,28.048,28.031,28.117,28.254,29.21,30.41,30.796,30.846,30.83,30.326,29.278,28.562,28.528,28.46,28.391,28.391,28.391,28.374,28.391,28.374,28.391,28.408,28.494,28.597,28.665,28.887,29.04,29.142,29.227,29.193,29.142,29.108,29.074,29.006,28.87,28.801,28.853,28.853,28.904,28.87,28.784,28.648,28.494,28.443,28.357,28.323,28.306,28.186,28.203,28.203,28.203,28.186,28.151,28.117,28.151,28.168,28.203,28.186,28.203,28.254,28.289,28.289,28.271,28.271,28.254,28.237,28.271
,28.699,28.682,28.767,28.938,29.057,29.193,29.244,29.295,29.363,29.431,29.448,29.465,29.465,29.448,29.38,29.312,29.261,29.193,29.125,29.04,28.938,28.836,28.75,28.58,28.528,28.528,28.477,28.443,28.46,28.443,28.391,28.357,28.289,28.237,28.186,28.22,28.186,28.203,28.186,28.168,28.168,28.168,28.134,28.134,28.151,28.1,28.065,28.065,28.083,28.083,28.117,28.048,28.014,28.031,27.997,28.031,28.048,28.065,28.237,28.426,28.511,28.528,28.511,28.511,28.477,28.391,28.289,28.22,28.254,28.271,28.203,28.1,28.134,28.1,28.065,28.065,28.065,28.065,28.014,27.945,27.911,27.894,27.894,27.859,27.842,27.808,27.773,27.756,27.721,27.704,27.67,27.687,27.739,27.739,27.756,27.773,27.773,27.756,27.773,27.808,27.876,27.911,27.911,27.876,27.859,27.859,27.842,27.876,27.928,27.928,27.962,27.962,27.928,27.928,27.911,27.962,27.98,27.98,27.98,27.945,27.945,27.928,27.911,27.928,27.928,27.911,27.894,27.876,27.876,27.911,27.945,27.928,27.928,27.928,27.945,27.911,27.859,27.842,27.79,27.808,27.825,27.842,27.825,27.808,27.808,27.773,27.773,27.773,27.808,27.825,27.825,27.842,27.825,27.808,27.773,27.773,27.67,27.653,27.618,27.601,27.566,27.532,27.514,27.497,27.497,27.514,27.532,27.514,27.532,27.514,27.497,27.514,27.532,27.497,27.342,27.29,27.238,27.238,27.169,27.151,27.134,27.117,27.082,27.065,27.065,27.065,27.099,27.117,27.134,27.151,27.151,27.151,27.169,27.151,27.134,27.099,27.082,27.065,27.047,27.047,27.082,27.099,27.151,27.169,27.169,27.186,27.186,27.203,27.376,27.618,28.665,30.477,31.281,31.281,31.181,30.846,29.278,28.271,28.065,27.98,27.962,28.014,28.048,28.031,28.065,28.083,28.1,28.117,28.151,28.151,28.151,28.134,28.083,27.98,27.859,27.842,27.825,27.842,27.859,27.859,27.876,27.876,27.859,27.859,27.859,27.911,27.962,27.962,28.048,27.945,27.911,27.962,28.014,28.014,28.048,28.1,28.254,29.295,30.41,30.729,30.779,30.746,29.905,28.904,28.528,28.477,28.426,28.391,28.357,28.357,28.34,28.323,28.323,28.357,28.374,28.477,28.58,28.614,28.784,28.989,29.108,29.142,29.142,29.125,29.108,29.074,28.972,28.887,28.836,28.87,28.801,28.87,28.87,28.767,28.631,28.477,28.408,28.34,28.083,28.289,28.237,28.203,28.168,28.168,28.151,28.134,28.151,28.134,28.1,28.186,28.117,28.134,28.203,28.271,28.289,28.271,28.254,28.22,28.22,28.254
,28.699,28.716,28.801,28.904,29.091,29.176,29.193,29.261,29.363,29.431,29.465,29.482,29.465,29.465,29.363,29.329,29.278,29.227,29.142,29.04,28.921,28.819,28.716,28.58,28.511,28.477,28.443,28.443,28.46,28.443,28.408,28.408,28.254,28.186,28.168,28.168,28.151,28.151,28.168,28.168,28.168,28.134,28.134,28.151,28.117,28.083,28.083,28.048,28.083,28.1,28.1,28.1,28.048,28.014,27.997,28.031,28.014,28.014,28.203,28.443,28.545,28.545,28.511,28.494,28.443,28.408,28.374,28.357,28.306,28.203,28.151,28.1,28.065,28.083,28.065,28.083,28.1,28.048,27.962,27.894,27.894,27.894,27.876,27.859,27.825,27.825,27.773,27.687,27.67,27.67,27.653,27.653,27.704,27.739,27.739,27.739,27.739,27.739,27.756,27.79,27.859,27.894,27.911,27.894,27.876,27.876,27.859,27.876,27.911,27.928,27.962,27.997,27.945,27.911,27.894,27.928,27.945,27.945,27.962,27.928,27.928,27.945,27.928,27.911,27.911,27.876,27.876,27.859,27.859,27.928,27.962,27.962,27.928,27.911,27.945,27.911,27.894,27.876,27.808,27.79,27.825,27.79,27.808,27.79,27.756,27.739,27.721,27.773,27.79,27.79,27.808,27.825,27.825,27.773,27.756,27.739,27.687,27.67,27.584,27.584,27.532,27.497,27.48,27.463,27.463,27.463,27.514,27.497,27.497,27.514,27.497,27.48,27.48,27.445,27.342,27.29,27.221,27.221,27.169,27.151,27.117,27.099,27.065,27.047,27.03,27.03,27.047,27.065,27.082,27.099,27.082,27.099,27.134,27.134,27.117,27.065,27.047,27.047,27.047,27.03,27.047,27.065,27.099,27.151,27.169,27.186,27.186,27.203,27.394,27.635,28.955,30.612,31.231,31.214,31.164,30.461,28.904,28.134,28.014,27.911,27.928,28.117,28.186,28.1,28.1,28.151,28.134,28.117,28.134,28.117,28.117,28.1,28.014,27.911,27.842,27.808,27.808,27.808,27.825,27.842,27.842,27.842,27.842,27.859,27.876,27.928,27.962,27.98,28.014,27.928,27.928,27.928,27.962,28.065,28.048,28.083,28.203,29.583,30.444,30.662,30.695,30.494,29.566,28.682,28.511,28.443,28.408,28.391,28.34,28.306,28.306,28.289,28.237,28.306,28.374,28.477,28.597,28.58,28.767,29.006,29.091,29.091,29.074,29.091,29.125,29.091,29.074,28.87,28.801,28.819,28.853,28.887,28.904,28.836,28.665,28.494,28.408,28.289,28.237,28.22,28.186,28.168,28.151,28.134,28.117,28.117,28.134,28.117,28.065,28.117,28.134,28.151,28.168,28.203,28.22,28.22,28.203,28.203,28.22,28.237
,28.699,28.733,28.767,28.904,29.04,29.159,29.21,29.278,29.346,29.38,29.414,29.465,29.397,29.448,29.346,29.312,29.261,29.227,29.159,29.04,28.887,28.836,28.648,28.597,28.477,28.443,28.426,28.408,28.408,28.46,28.443,28.374,28.271,28.254,28.203,28.203,28.168,28.151,28.168,28.151,28.151,28.134,28.134,28.1,28.031,28.065,28.1,28.065,28.065,28.083,28.1,28.065,28.031,28.014,28.014,28.048,28.031,28.065,28.203,28.374,28.494,28.528,28.528,28.494,28.46,28.443,28.391,28.34,28.289,28.203,28.117,28.083,27.997,27.997,28.014,28.014,28.048,27.997,27.962,27.894,27.859,27.842,27.859,27.859,27.825,27.79,27.739,27.687,27.653,27.653,27.653,27.67,27.704,27.721,27.721,27.704,27.704,27.739,27.756,27.773,27.825,27.894,27.928,27.911,27.894,27.876,27.876,27.894,27.911,27.928,27.945,27.98,27.945,27.894,27.876,27.894,27.911,27.928,27.962,27.945,27.945,27.945,27.911,27.911,27.911,27.894,27.876,27.859,27.859,27.894,27.945,27.962,27.945,27.928,27.928,27.911,27.911,27.859,27.808,27.79,27.808,27.79,27.842,27.808,27.721,27.704,27.721,27.756,27.773,27.79,27.79,27.79,27.825,27.79,27.79,27.739,27.67,27.635,27.566,27.549,27.497,27.463,27.48,27.48,27.445,27.445,27.48,27.497,27.48,27.48,27.463,27.463,27.445,27.394,27.307,27.255,27.221,27.169,27.151,27.134,27.117,27.082,27.065,27.013,27.013,27.03,27.03,27.047,27.047,27.03,27.047,27.065,27.065,27.099,27.082,27.047,27.03,27.013,27.03,27.013,26.995,27.013,27.065,27.134,27.169,27.169,27.169,27.255,27.394,27.653,29.533,30.93,31.181,31.181,31.097,30.158,28.716,28.031,27.911,27.928,27.945,28.083,28.186,28.289,28.271,28.22,28.151,28.134,28.134,28.1,28.117,28.083,27.945,27.859,27.808,27.773,27.79,27.773,27.79,27.808,27.825,27.876,27.859,27.859,27.876,27.911,27.962,27.98,27.997,27.98,27.945,27.928,27.962,28.031,28.031,28.083,28.545,29.82,30.494,30.628,30.628,30.41,29.465,28.58,28.443,28.391,28.374,28.34,28.34,28.289,28.289,28.22,28.186,28.254,28.357,28.426,28.494,28.545,28.75,28.989,29.091,29.091,29.074,29.108,29.108,29.176,29.091,29.108,28.938,28.887,28.836,28.887,28.87,28.819,28.75,28.562,28.374,28.254,28.186,28.254,28.203,28.168,28.186,28.151,28.117,28.1,28.1,28.1,28.117,28.1,28.134,28.134,28.151,28.186,28.22,28.203,28.22,28.203,28.22,28.237
,28.716,28.767,28.801,28.921,29.091,29.108,29.193,29.278,29.329,29.346,29.38,29.431,29.363,29.414,29.346,29.295,29.261,29.21,29.142,29.023,28.938,28.75,28.614,28.545,28.46,28.443,28.408,28.408,28.408,28.391,28.374,28.34,28.271,28.254,28.22,28.22,28.186,28.186,28.151,28.168,28.168,28.168,28.151,28.117,28.065,28.048,28.083,28.083,28.083,28.1,28.117,28.065,28.031,27.997,27.997,28.014,27.997,28.117,28.237,28.391,28.443,28.426,28.46,28.477,28.477,28.391,28.271,28.168,28.168,28.22,28.1,28.031,28.014,27.997,27.962,27.98,27.962,27.911,27.945,27.808,27.808,27.773,27.808,27.808,27.808,27.808,27.773,27.704,27.653,27.653,27.653,27.67,27.67,27.687,27.687,27.67,27.687,27.704,27.739,27.808,27.842,27.894,27.928,27.911,27.911,27.911,27.894,27.911,27.928,27.945,27.962,27.945,27.945,27.928,27.911,27.928,27.928,27.945,27.962,27.98,27.98,27.945,27.911,27.911,27.928,27.928,27.894,27.876,27.894,27.911,27.928,27.928,27.928,27.945,27.928,27.894,27.894,27.842,27.825,27.808,27.756,27.79,27.808,27.756,27.739,27.721,27.721,27.756,27.739,27.79,27.808,27.79,27.773,27.79,27.773,27.721,27.653,27.618,27.566,27.532,27.463,27.445,27.445,27.445,27.463,27.48,27.497,27.48,27.463,27.463,27.445,27.428,27.411,27.376,27.307,27.273,27.221,27.169,27.134,27.117,27.099,27.082,27.047,27.013,26.995,26.995,26.995,26.995,27.03,27.03,27.013,27.013,27.03,27.047,27.047,27.03,27.03,27.013,26.995,27.013,26.995,27.047,27.099,27.134,27.151,27.169,27.169,27.203,27.324,27.67,29.702,30.997,31.181,31.131,31.014,29.753,28.391,27.997,27.945,27.98,28.117,28.254,28.374,28.443,28.477,28.443,28.408,28.34,28.203,28.083,28.048,27.997,27.911,27.825,27.825,27.756,27.721,27.756,27.79,27.79,27.808,27.842,27.859,27.859,27.876,27.894,27.894,27.928,27.962,27.98,27.962,27.928,27.928,27.98,27.997,28.048,28.853,30.006,30.494,30.528,30.595,30.225,29.176,28.408,28.357,28.357,28.357,28.323,28.34,28.271,28.254,28.186,28.168,28.22,28.254,28.391,28.46,28.511,28.699,28.938,29.074,29.057,29.006,29.057,29.057,29.159,29.057,29.057,28.955,28.921,28.853,28.836,28.836,28.75,28.597,28.443,28.374,28.254,28.151,28.151,28.117,28.151,28.117,28.1,28.1,28.083,28.1,28.117,28.151,28.117,28.168,28.151,28.168,28.203,28.22,28.237,28.237,28.22,28.203,28.22
,28.631,28.699,28.784,28.989,29.04,29.108,29.193,29.244,29.295,29.346,29.363,29.397,29.414,29.38,29.346,29.295,29.21,29.142,29.074,28.989,28.87,28.682,28.597,28.477,28.426,28.408,28.391,28.391,28.374,28.34,28.34,28.323,28.271,28.254,28.254,28.203,28.237,28.168,28.168,28.168,28.186,28.186,28.168,28.134,28.083,28.048,28.065,28.083,28.083,28.065,28.048,28.031,27.997,27.98,27.945,27.945,28.014,28.1,28.306,28.426,28.443,28.46,28.426,28.408,28.426,28.34,28.203,28.151,28.151,28.134,28.065,28.031,27.98,27.962,27.98,27.945,27.98,27.945,27.825,27.756,27.756,27.721,27.773,27.808,27.808,27.79,27.773,27.704,27.67,27.67,27.67,27.687,27.704,27.687,27.653,27.67,27.67,27.687,27.739,27.825,27.859,27.876,27.928,27.928,27.945,27.945,27.928,27.945,27.945,27.98,28.014,28.014,27.997,27.98,27.98,27.98,27.997,27.997,27.997,28.014,28.014,27.98,27.962,27.945,27.945,27.945,27.911,27.894,27.911,27.911,27.911,27.911,27.911,27.894,27.911,27.911,27.876,27.842,27.842,27.808,27.79,27.808,27.773,27.79,27.756,27.756,27.721,27.704,27.67,27.721,27.756,27.721,27.704,27.739,27.739,27.721,27.653,27.601,27.532,27.514,27.445,27.428,27.428,27.428,27.48,27.497,27.48,27.48,27.463,27.445,27.445,27.428,27.428,27.376,27.29,27.221,27.169,27.151,27.151,27.117,27.047,27.065,27.03,27.013,26.978,26.978,26.995,26.995,26.995,26.995,26.995,27.013,27.013,27.013,27.03,27.013,26.978,26.995,27.03,27.03,27.03,27.047,27.117,27.134,27.134,27.151,27.169,27.203,27.463,27.945,29.905,31.064,31.131,31.097,31.014,29.482,28.203,27.997,27.928,28.031,28.254,28.46,28.665,28.682,28.665,28.682,28.784,28.733,28.46,28.203,28.083,28.031,27.876,27.79,27.756,27.739,27.773,27.756,27.721,27.739,27.79,27.808,27.842,27.859,27.859,27.876,27.876,27.894,27.928,27.928,27.945,27.962,27.962,27.98,27.98,28.048,29.363,30.276,30.528,30.511,30.427,29.837,28.87,28.323,28.289,28.306,28.306,28.271,28.289,28.237,28.203,28.134,28.186,28.203,28.271,28.357,28.46,28.562,28.784,28.955,29.006,29.091,29.125,29.006,28.87,28.972,29.057,28.853,28.767,28.836,28.784,28.836,28.836,28.75,28.648,28.511,28.477,28.443,28.22,28.134,28.1,28.134,28.117,28.1,28.083,28.065,28.083,28.1,28.1,28.151,28.186,28.203,28.22,28.203,28.186,28.237,28.22,28.237,28.203,28.254
,28.631,28.682,28.784,28.955,28.989,29.091,29.159,29.227,29.278,29.312,29.312,29.363,29.38,29.346,29.312,29.261,29.125,29.074,29.04,28.887,28.733,28.716,28.58,28.477,28.426,28.391,28.357,28.374,28.357,28.323,28.323,28.306,28.271,28.271,28.271,28.22,28.203,28.134,28.203,28.186,28.186,28.186,28.151,28.134,28.1,28.083,28.1,28.065,28.048,28.048,28.031,28.014,27.98,27.928,27.928,27.911,27.962,28.065,28.254,28.374,28.408,28.426,28.426,28.408,28.374,28.306,28.186,28.117,28.134,28.083,28.031,27.98,27.962,27.962,27.945,27.911,27.98,27.997,27.894,27.756,27.721,27.704,27.756,27.79,27.79,27.773,27.739,27.739,27.739,27.721,27.687,27.704,27.687,27.67,27.635,27.653,27.687,27.704,27.739,27.79,27.808,27.859,27.894,27.928,27.945,27.945,27.945,27.945,27.962,27.997,28.031,28.048,28.048,28.031,28.014,28.014,28.048,28.065,28.048,28.048,28.031,28.014,27.997,27.98,27.962,27.962,27.945,27.928,27.945,27.928,27.911,27.894,27.894,27.894,27.911,27.894,27.876,27.825,27.808,27.773,27.79,27.825,27.842,27.808,27.773,27.773,27.721,27.721,27.653,27.653,27.687,27.653,27.704,27.687,27.704,27.653,27.618,27.549,27.48,27.463,27.428,27.394,27.411,27.445,27.48,27.48,27.445,27.48,27.48,27.445,27.428,27.411,27.359,27.307,27.221,27.169,27.151,27.117,27.082,27.047,27.013,27.03,26.995,26.995,26.995,26.978,26.978,26.995,26.995,26.978,26.978,26.978,26.978,27.013,27.013,27.013,26.995,27.013,27.03,27.03,27.03,27.03,27.065,27.117,27.117,27.134,27.134,27.151,27.376,28.357,30.175,30.997,31.03,31.047,30.913,29.465,28.306,28.168,28.168,28.134,28.545,28.955,29.21,29.159,29.176,29.312,29.21,29.023,28.75,28.408,28.186,28.083,27.945,27.773,27.756,27.739,27.756,27.739,27.687,27.739,27.773,27.808,27.825,27.842,27.842,27.859,27.859,27.859,27.876,27.894,27.928,27.997,27.962,27.997,28.014,28.186,29.702,30.427,30.511,30.528,30.326,29.566,28.665,28.306,28.254,28.254,28.254,28.203,28.237,28.186,28.134,28.134,28.203,28.203,28.271,28.357,28.46,28.545,28.75,29.006,29.091,29.091,29.057,28.938,28.87,28.853,28.887,28.733,28.733,28.784,28.801,28.801,28.836,28.819,28.648,28.426,28.408,28.254,28.271,28.168,28.1,28.1,28.083,28.083,28.065,28.048,28.065,28.083,28.117,28.22,28.203,28.203,28.22,28.22,28.186,28.22,28.186,28.22,28.203,28.271
,28.614,28.665,28.767,28.904,28.989,29.108,29.142,29.227,29.227,29.244,29.278,29.278,29.346,29.312,29.295,29.227,29.125,29.074,28.989,28.853,28.733,28.682,28.562,28.477,28.426,28.374,28.34,28.357,28.34,28.323,28.306,28.306,28.271,28.254,28.237,28.186,28.186,28.186,28.151,28.151,28.151,28.186,28.168,28.151,28.083,28.065,28.065,28.065,28.048,28.031,28.014,27.98,27.962,27.911,27.894,27.945,27.997,28.151,28.289,28.374,28.408,28.408,28.391,28.357,28.323,28.306,28.254,28.168,28.151,28.031,27.98,27.962,27.928,27.928,27.928,27.945,27.876,27.911,27.808,27.721,27.739,27.721,27.739,27.756,27.756,27.756,27.756,27.739,27.739,27.704,27.687,27.687,27.635,27.635,27.618,27.653,27.687,27.704,27.756,27.79,27.808,27.842,27.876,27.894,27.928,27.945,27.962,27.962,27.98,28.031,28.048,28.048,28.065,28.048,28.031,28.048,28.083,28.1,28.1,28.083,28.048,28.031,28.014,27.997,27.997,27.997,27.997,27.997,27.98,27.945,27.894,27.894,27.876,27.876,27.876,27.876,27.876,27.825,27.773,27.756,27.773,27.825,27.842,27.773,27.773,27.739,27.687,27.687,27.653,27.618,27.653,27.635,27.653,27.67,27.618,27.566,27.549,27.497,27.463,27.463,27.445,27.394,27.411,27.445,27.428,27.463,27.411,27.445,27.463,27.428,27.394,27.376,27.324,27.273,27.203,27.117,27.099,27.065,27.013,26.978,26.995,27.047,27.013,26.978,26.978,26.978,26.978,26.995,26.995,26.978,26.978,26.943,26.961,26.995,26.978,26.995,27.03,27.03,27.03,27.03,27.03,27.047,27.047,27.082,27.082,27.099,27.082,27.099,27.307,28.648,30.36,31.03,31.131,31.047,30.595,29.091,28.168,28.186,28.271,28.391,28.716,29.312,29.719,29.871,29.837,29.786,29.736,29.516,29.091,28.733,28.408,28.083,27.894,27.79,27.79,27.79,27.808,27.773,27.704,27.739,27.739,27.79,27.808,27.825,27.825,27.842,27.808,27.825,27.825,27.842,27.894,27.911,27.98,27.945,27.962,28.631,29.922,30.444,30.494,30.511,30.057,29.108,28.391,28.237,28.203,28.186,28.203,28.203,28.186,28.151,28.065,28.168,28.186,28.22,28.289,28.357,28.426,28.477,28.665,28.921,29.057,29.057,28.989,28.955,28.887,28.904,29.091,28.75,28.733,28.75,28.801,28.819,28.784,28.75,28.682,28.477,28.426,28.306,28.203,28.134,28.1,28.1,28.065,28.048,28.014,28.014,28.065,28.048,28.083,28.203,28.22,28.237,28.237,28.203,28.186,28.203,28.168,28.134,28.168,28.22
,28.545,28.58,28.682,28.887,28.972,29.091,29.142,29.261,29.261,29.244,29.278,29.312,29.312,29.312,29.312,29.21,29.125,29.057,28.938,28.819,28.716,28.597,28.511,28.443,28.426,28.357,28.323,28.323,28.323,28.306,28.306,28.289,28.254,28.203,28.203,28.186,28.168,28.1,28.134,28.117,28.134,28.186,28.186,28.186,28.134,28.083,28.083,28.048,28.065,28.031,28.014,27.962,27.928,27.945,27.876,27.928,27.928,28.083,28.237,28.357,28.408,28.426,28.408,28.34,28.289,28.237,28.168,28.168,28.134,28.065,28.031,27.945,27.945,27.928,27.911,27.962,27.945,27.894,27.825,27.756,27.756,27.739,27.756,27.739,27.739,27.739,27.756,27.739,27.756,27.739,27.721,27.721,27.653,27.635,27.618,27.653,27.687,27.704,27.756,27.79,27.808,27.842,27.859,27.894,27.911,27.928,27.962,27.962,27.98,28.031,28.065,28.065,28.048,28.031,28.048,28.065,28.117,28.134,28.1,28.083,28.065,28.065,28.048,28.048,28.031,28.014,28.014,28.014,28.014,27.945,27.876,27.876,27.859,27.859,27.842,27.859,27.842,27.859,27.808,27.756,27.756,27.79,27.79,27.773,27.739,27.687,27.635,27.635,27.618,27.601,27.601,27.601,27.618,27.584,27.549,27.497,27.48,27.463,27.428,27.497,27.428,27.394,27.411,27.394,27.394,27.411,27.428,27.428,27.463,27.411,27.376,27.376,27.307,27.238,27.169,27.082,27.047,27.013,26.978,26.961,26.978,27.013,26.978,26.943,26.961,26.978,26.978,26.978,26.978,26.978,26.995,26.978,26.961,26.961,26.961,26.995,27.013,27.013,27.03,27.03,27.03,27.03,27.03,27.047,27.082,27.099,27.065,27.099,27.342,28.801,30.41,30.947,31.047,31.047,30.41,28.972,28.186,28.22,28.306,28.597,29.176,29.685,29.905,29.955,29.922,29.972,29.972,29.786,29.329,28.853,28.614,28.306,27.911,27.79,27.721,27.704,27.756,27.739,27.704,27.739,27.739,27.808,27.79,27.825,27.808,27.825,27.808,27.79,27.808,27.808,27.842,27.894,27.962,27.945,27.98,28.904,30.04,30.461,30.461,30.427,29.905,28.853,28.203,28.134,28.117,28.134,28.134,28.134,28.1,28.117,28.083,28.134,28.1,28.168,28.237,28.323,28.374,28.443,28.648,28.87,28.989,28.989,28.938,29.023,28.955,28.904,28.87,28.801,28.767,28.801,28.784,28.767,28.716,28.648,28.597,28.477,28.34,28.254,28.151,28.1,28.1,28.048,28.014,27.997,27.997,28.014,28.031,28.117,28.065,28.168,28.237,28.237,28.22,28.186,28.186,28.168,28.134,28.134,28.203,28.151
,28.597,28.682,28.784,28.921,28.972,29.074,29.125,29.193,29.244,29.261,29.295,29.312,29.295,29.329,29.312,29.21,29.108,29.04,28.904,28.75,28.648,28.58,28.511,28.426,28.408,28.34,28.323,28.323,28.323,28.323,28.306,28.271,28.22,28.168,28.134,28.117,28.117,28.065,28.1,28.083,28.083,28.134,28.168,28.168,28.151,28.134,28.1,28.048,28.031,28.031,28.014,27.997,27.98,27.945,27.876,27.842,27.928,27.98,28.134,28.306,28.374,28.391,28.408,28.34,28.237,28.186,28.151,28.083,28.1,28.1,27.997,27.962,27.928,27.894,27.894,27.911,27.911,27.842,27.825,27.773,27.721,27.739,27.721,27.739,27.721,27.721,27.756,27.739,27.739,27.756,27.739,27.739,27.704,27.704,27.67,27.67,27.687,27.704,27.739,27.773,27.808,27.842,27.859,27.876,27.911,27.928,27.945,27.962,27.997,28.031,28.048,28.065,28.048,28.014,28.031,28.065,28.117,28.134,28.1,28.083,28.065,28.065,28.065,28.065,28.065,28.065,28.031,28.031,28.031,27.997,27.928,27.911,27.859,27.842,27.825,27.842,27.842,27.842,27.808,27.773,27.756,27.756,27.773,27.739,27.721,27.67,27.601,27.601,27.584,27.566,27.584,27.566,27.584,27.549,27.497,27.445,27.428,27.411,27.394,27.428,27.394,27.376,27.394,27.376,27.376,27.376,27.428,27.445,27.463,27.411,27.376,27.376,27.273,27.186,27.099,27.047,27.013,26.978,26.978,26.961,26.943,26.943,26.943,26.961,26.961,26.961,26.961,26.978,26.978,26.978,26.978,26.978,26.995,26.978,26.943,26.978,26.995,27.013,27.03,27.013,26.995,26.995,27.013,27.03,27.065,27.065,27.065,27.117,27.394,29.227,30.662,30.963,31.014,30.963,30.175,28.887,28.203,28.237,28.426,28.801,29.346,29.702,29.82,29.871,29.905,29.989,30.023,29.786,29.431,29.244,28.972,28.443,28.031,27.79,27.704,27.721,27.739,27.756,27.739,27.808,27.79,27.79,27.773,27.825,27.79,27.79,27.79,27.773,27.79,27.773,27.808,27.859,27.928,27.98,28.22,29.057,30.073,30.461,30.427,30.259,29.685,28.75,28.151,28.083,28.065,28.1,28.1,28.117,28.117,28.117,28.083,28.048,27.997,28.065,28.22,28.306,28.34,28.408,28.699,28.938,28.955,28.989,29.006,28.972,29.023,28.989,28.904,28.836,28.801,28.767,28.716,28.733,28.716,28.614,28.528,28.46,28.391,28.289,28.134,28.031,28.048,28.014,27.997,27.98,27.997,28.031,28.014,28.1,28.1,28.168,28.203,28.203,28.168,28.168,28.186,28.151,28.134,28.151,28.22,28.186
,28.58,28.648,28.733,28.921,29.04,29.125,29.159,29.244,29.21,29.227,29.278,29.261,29.295,29.312,29.244,29.159,29.074,29.006,28.921,28.733,28.58,28.545,28.477,28.408,28.357,28.306,28.323,28.323,28.323,28.323,28.306,28.254,28.203,28.134,28.1,28.065,28.1,28.048,28.117,28.168,28.134,28.134,28.151,28.134,28.134,28.134,28.1,28.048,28.031,28.014,27.997,28.014,27.962,27.859,27.859,27.842,27.876,28.117,28.271,28.323,28.357,28.374,28.374,28.323,28.254,28.203,28.117,28.083,28.1,28.065,27.997,27.962,27.911,27.894,27.876,27.859,27.876,27.825,27.808,27.739,27.721,27.721,27.721,27.721,27.704,27.704,27.721,27.704,27.704,27.721,27.704,27.704,27.67,27.687,27.67,27.67,27.687,27.687,27.739,27.773,27.808,27.859,27.876,27.876,27.911,27.928,27.945,27.98,28.014,28.031,28.031,28.031,28.031,28.014,28.031,28.083,28.083,28.1,28.1,28.083,28.065,28.048,28.065,28.065,28.083,28.083,28.065,28.048,28.014,27.98,27.98,27.962,27.894,27.842,27.842,27.859,27.876,27.876,27.842,27.79,27.756,27.773,27.756,27.721,27.687,27.653,27.584,27.549,27.566,27.566,27.601,27.566,27.532,27.48,27.48,27.428,27.411,27.411,27.376,27.411,27.394,27.394,27.394,27.376,27.376,27.376,27.394,27.394,27.445,27.428,27.394,27.359,27.273,27.169,27.099,27.03,27.013,26.961,26.961,26.961,26.926,26.943,26.926,26.943,26.943,26.943,26.961,26.978,26.961,26.961,26.978,26.978,26.961,26.978,26.943,26.978,26.995,26.995,27.013,27.013,26.978,26.995,27.013,27.03,27.065,27.082,27.082,27.186,27.635,29.566,30.813,30.963,31.014,30.779,29.871,28.665,28.065,28.203,28.46,28.767,29.278,29.685,29.837,29.854,29.803,29.854,29.938,29.871,29.533,29.193,29.04,28.648,28.083,27.756,27.687,27.67,27.687,27.721,27.773,27.79,27.739,27.739,27.773,27.825,27.773,27.79,27.79,27.756,27.756,27.79,27.808,27.859,27.894,27.962,28.34,29.516,30.208,30.41,30.427,30.141,29.312,28.477,28.168,28.083,28.048,28.048,28.048,28.083,28.1,28.117,28.014,28.083,28.048,28.117,28.203,28.271,28.34,28.34,28.528,28.784,28.904,28.989,28.972,29.006,28.989,29.074,28.955,28.853,28.801,28.75,28.682,28.682,28.716,28.648,28.511,28.443,28.46,28.271,28.134,28.083,27.98,27.962,28.014,28.014,27.98,27.997,28.014,28.014,28.083,28.117,28.168,28.186,28.186,28.168,28.134,28.151,28.168,28.134,28.203,28.237
,28.562,28.614,28.716,28.904,28.972,29.159,29.193,29.227,29.227,29.244,29.244,29.244,29.278,29.278,29.227,29.108,29.023,28.989,28.887,28.733,28.58,28.494,28.426,28.374,28.357,28.323,28.357,28.34,28.323,28.34,28.306,28.237,28.168,28.117,28.083,28.048,28.048,28.031,28.083,28.134,28.1,28.1,28.117,28.1,28.1,28.083,28.048,28.031,28.031,28.014,27.98,27.98,27.945,27.894,27.928,27.876,27.962,28.065,28.168,28.289,28.374,28.408,28.408,28.357,28.289,28.203,28.134,28.117,28.117,28.065,27.997,27.945,27.911,27.894,27.876,27.876,27.876,27.842,27.808,27.721,27.756,27.704,27.704,27.721,27.721,27.67,27.687,27.687,27.721,27.704,27.67,27.67,27.653,27.687,27.687,27.687,27.687,27.704,27.756,27.773,27.825,27.894,27.911,27.928,27.945,27.98,27.997,28.014,28.014,28.031,28.031,28.014,28.014,27.997,28.014,28.065,28.065,28.083,28.1,28.083,28.083,28.065,28.083,28.1,28.117,28.083,28.031,28.048,28.031,27.997,27.962,27.945,27.911,27.876,27.876,27.911,27.911,27.945,27.945,27.825,27.79,27.773,27.756,27.721,27.67,27.635,27.618,27.566,27.584,27.532,27.532,27.549,27.48,27.497,27.463,27.411,27.394,27.411,27.376,27.394,27.411,27.394,27.394,27.376,27.394,27.376,27.359,27.359,27.411,27.428,27.394,27.342,27.273,27.169,27.099,27.047,26.995,26.943,26.926,26.926,26.926,26.943,26.909,26.909,26.943,26.978,26.978,26.961,26.961,26.943,26.961,26.943,26.926,26.926,26.909,26.943,26.995,26.995,26.995,26.995,26.995,26.995,27.013,27.03,27.047,27.065,27.117,27.186,28.014,29.854,30.88,30.963,31.014,30.578,29.142,28.117,28.031,28.065,28.34,28.819,29.295,29.685,29.837,29.786,29.786,29.854,29.922,29.905,29.6,29.244,29.006,28.597,27.962,27.756,27.687,27.653,27.687,27.721,27.773,27.756,27.704,27.739,27.756,27.756,27.79,27.773,27.756,27.79,27.756,27.756,27.808,27.842,27.894,28.065,28.58,29.786,30.259,30.36,30.41,30.107,29.176,28.306,28.117,28.048,28.031,28.031,28.014,28.031,28.048,28.031,28.065,28.048,28.048,28.1,28.186,28.237,28.306,28.357,28.545,28.801,28.887,28.955,29.006,29.074,29.091,29.006,28.989,28.904,28.853,28.767,28.699,28.699,28.682,28.631,28.528,28.426,28.289,28.203,28.151,28.1,28.065,28.031,28.014,28.014,27.98,27.945,27.962,27.945,28.048,28.048,28.117,28.168,28.168,28.151,28.134,28.151,28.134,28.151,28.186,28.22
,28.58,28.648,28.767,28.904,28.955,29.057,29.125,29.21,29.227,29.244,29.261,29.261,29.227,29.176,29.159,29.057,28.989,28.904,28.767,28.631,28.562,28.494,28.443,28.408,28.391,28.357,28.374,28.34,28.323,28.323,28.289,28.22,28.151,28.117,28.065,28.031,28.031,28.031,28.065,28.1,28.083,28.065,28.083,28.065,28.083,28.065,28.031,28.031,28.031,28.014,28.014,27.962,27.911,27.894,27.876,27.859,27.962,28.1,28.22,28.323,28.34,28.374,28.374,28.357,28.323,28.254,28.186,28.151,28.151,28.014,27.928,27.945,27.911,27.911,27.876,27.876,27.894,27.808,27.825,27.756,27.721,27.721,27.704,27.67,27.704,27.635,27.67,27.653,27.687,27.67,27.635,27.618,27.653,27.687,27.687,27.687,27.687,27.704,27.739,27.773,27.842,27.911,27.945,27.98,27.962,27.997,28.031,28.065,28.048,28.031,28.031,27.997,28.014,27.997,27.997,28.031,28.048,28.1,28.117,28.1,28.083,28.1,28.1,28.117,28.117,28.1,28.048,28.048,28.031,27.997,27.98,27.962,27.962,27.911,27.962,27.962,27.997,28.014,27.98,27.928,27.842,27.825,27.825,27.721,27.704,27.618,27.601,27.601,27.618,27.584,27.532,27.532,27.514,27.514,27.463,27.463,27.411,27.394,27.411,27.411,27.411,27.394,27.376,27.359,27.394,27.359,27.359,27.376,27.376,27.376,27.359,27.324,27.255,27.169,27.082,27.03,26.978,26.943,26.943,26.926,26.909,26.926,26.926,26.926,26.926,26.943,26.943,26.926,26.943,26.943,26.961,26.943,26.926,26.926,26.909,26.943,26.943,26.961,26.995,26.978,27.013,27.013,27.03,27.03,27.047,27.065,27.134,27.186,28.391,30.124,30.896,30.947,30.913,30.427,28.921,27.962,27.911,28.031,28.34,28.716,29.295,29.786,29.837,29.786,29.803,29.837,29.905,29.922,29.651,29.176,28.853,28.597,28.22,27.756,27.67,27.687,27.67,27.704,27.756,27.756,27.756,27.756,27.739,27.756,27.739,27.756,27.773,27.756,27.756,27.773,27.825,27.859,27.911,28.083,29.176,30.006,30.225,30.343,30.393,29.786,28.819,28.22,28.031,28.014,27.997,27.997,28.014,27.997,28.031,27.997,28.1,28.083,28.065,28.134,28.203,28.237,28.306,28.511,28.699,28.784,28.853,28.921,28.955,29.006,29.04,28.921,28.921,28.853,28.819,28.784,28.75,28.733,28.648,28.545,28.545,28.374,28.289,28.289,28.151,28.1,28.083,28.048,28.014,27.962,27.928,27.962,27.928,27.98,28.048,28.048,28.117,28.151,28.1,28.1,28.151,28.134,28.1,28.117,28.134,28.168
,28.528,28.562,28.716,28.921,29.006,29.074,29.108,29.159,29.193,29.193,29.227,29.244,29.21,29.142,29.142,29.074,28.972,28.938,28.784,28.614,28.528,28.511,28.46,28.408,28.374,28.391,28.357,28.323,28.306,28.254,28.237,28.203,28.151,28.1,28.065,28.031,28.031,28.065,28.083,28.065,28.048,28.065,28.031,28.031,28.048,28.031,27.997,27.997,28.031,28.014,27.997,27.945,27.876,27.894,27.911,27.808,28.031,28.151,28.254,28.323,28.34,28.34,28.34,28.306,28.289,28.34,28.306,28.186,28.065,27.911,27.876,27.911,27.876,27.911,27.911,27.911,27.911,27.842,27.808,27.721,27.704,27.721,27.721,27.584,27.618,27.635,27.67,27.635,27.635,27.635,27.635,27.635,27.653,27.67,27.653,27.67,27.687,27.704,27.756,27.79,27.876,27.911,27.98,28.031,28.014,28.048,28.083,28.1,28.083,28.065,28.048,28.014,28.048,28.065,28.048,28.065,28.1,28.117,28.134,28.1,28.1,28.117,28.134,28.151,28.134,28.117,28.1,28.083,28.065,28.031,28.031,28.031,28.031,28.014,28.031,28.031,28.048,28.031,27.997,27.98,27.876,27.859,27.825,27.721,27.687,27.653,27.618,27.618,27.635,27.653,27.601,27.549,27.532,27.549,27.514,27.514,27.48,27.411,27.411,27.411,27.411,27.394,27.411,27.376,27.342,27.307,27.342,27.376,27.376,27.359,27.342,27.307,27.238,27.169,27.099,27.03,26.978,26.943,26.961,26.943,26.943,26.943,26.926,26.926,26.926,26.926,26.891,26.891,26.926,26.943,26.961,26.978,26.961,26.909,26.909,26.961,26.943,26.943,26.978,26.995,27.013,27.013,27.03,27.047,27.065,27.099,27.151,27.273,28.648,30.309,30.88,30.947,30.93,30.191,28.784,27.98,27.842,27.859,28.117,28.528,29.057,29.6,29.922,29.922,29.871,29.888,29.871,29.803,29.516,29.057,28.784,28.58,28.134,27.687,27.687,27.704,27.67,27.704,27.721,27.739,27.739,27.721,27.739,27.756,27.739,27.739,27.773,27.739,27.756,27.825,27.825,27.876,27.928,28.203,29.583,30.175,30.225,30.343,30.326,29.414,28.426,28.186,28.031,27.98,27.997,27.997,28.031,28.031,28.014,28.014,28.031,28.048,28.083,28.1,28.186,28.254,28.306,28.477,28.648,28.733,28.819,28.887,28.938,28.972,28.938,28.904,28.887,28.801,28.801,28.767,28.716,28.665,28.648,28.614,28.58,28.408,28.323,28.254,28.151,28.117,28.065,28.048,28.031,27.962,27.894,27.962,27.98,27.997,28.048,28.083,28.134,28.151,28.117,28.117,28.134,28.117,28.083,28.083,28.117,28.151
,28.545,28.614,28.75,28.972,29.023,29.04,29.159,29.176,29.159,29.21,29.227,29.21,29.193,29.142,29.091,29.057,29.023,28.904,28.767,28.648,28.545,28.494,28.46,28.391,28.34,28.374,28.34,28.34,28.271,28.22,28.203,28.168,28.117,28.117,28.1,28.048,28.048,28.065,28.083,28.031,28.031,28.031,28.014,27.997,27.98,27.997,27.997,27.997,28.014,28.014,27.997,27.894,27.859,27.825,27.825,27.859,27.997,28.151,28.22,28.323,28.34,28.306,28.271,28.22,28.203,28.168,28.083,28.031,27.997,27.962,27.928,27.911,27.894,27.928,27.928,27.98,27.928,27.859,27.825,27.721,27.721,27.739,27.704,27.67,27.618,27.635,27.67,27.635,27.618,27.635,27.635,27.635,27.653,27.687,27.653,27.653,27.687,27.739,27.808,27.859,27.928,27.945,28.031,28.065,28.083,28.1,28.134,28.151,28.134,28.151,28.117,28.1,28.1,28.117,28.1,28.117,28.168,28.168,28.134,28.117,28.117,28.151,28.168,28.168,28.168,28.168,28.134,28.1,28.065,28.048,28.065,28.065,28.083,28.083,28.065,28.083,28.083,28.065,28.031,27.997,27.928,27.876,27.859,27.756,27.756,27.67,27.618,27.635,27.653,27.653,27.618,27.549,27.532,27.549,27.549,27.532,27.497,27.411,27.411,27.394,27.411,27.376,27.376,27.307,27.29,27.307,27.324,27.359,27.359,27.376,27.376,27.324,27.273,27.203,27.134,27.047,26.978,26.978,26.995,26.961,26.978,26.961,26.926,26.926,26.926,26.874,26.856,26.891,26.926,26.943,26.961,26.961,26.943,26.909,26.856,26.909,26.961,26.961,26.961,26.978,26.995,27.013,27.013,27.03,27.065,27.117,27.169,27.307,29.142,30.679,30.88,30.913,30.863,29.685,28.323,27.894,27.79,27.739,27.825,28.289,28.801,29.108,29.516,29.77,29.803,29.854,29.77,29.617,29.295,28.767,28.665,28.597,28.203,27.687,27.67,27.67,27.687,27.704,27.739,27.739,27.739,27.756,27.773,27.773,27.773,27.756,27.756,27.756,27.808,27.842,27.842,27.876,27.945,28.597,29.753,30.208,30.309,30.376,30.175,29.227,28.306,28.168,28.031,27.98,28.014,28.031,28.031,28.065,28.014,28.048,28.065,28.065,28.117,28.117,28.203,28.237,28.289,28.46,28.682,28.784,28.801,28.904,28.836,28.836,28.87,28.801,28.75,28.665,28.699,28.733,28.699,28.648,28.631,28.597,28.511,28.391,28.271,28.203,28.186,28.117,28.083,28.065,28.048,28.014,27.962,27.98,28.014,27.928,27.997,28.083,28.117,28.151,28.151,28.117,28.134,28.1,27.997,28.048,28.065,28.134
,28.562,28.665,28.801,28.972,29.023,29.04,29.091,29.142,29.193,29.227,29.21,29.142,29.108,29.125,29.091,29.023,28.989,28.938,28.819,28.699,28.597,28.528,28.477,28.408,28.391,28.357,28.323,28.323,28.271,28.203,28.203,28.151,28.1,28.1,28.1,28.048,28.048,28.065,28.065,28.048,28.031,27.997,27.997,27.945,27.945,27.997,28.031,28.048,28.048,28.014,27.962,27.945,27.825,27.825,27.825,27.911,27.98,28.168,28.254,28.306,28.306,28.289,28.289,28.254,28.22,28.151,28.048,28.014,28.065,28.031,27.945,27.928,27.894,27.911,27.911,27.962,27.928,27.859,27.825,27.79,27.756,27.704,27.739,27.67,27.67,27.618,27.653,27.618,27.618,27.635,27.618,27.618,27.635,27.653,27.635,27.653,27.67,27.739,27.825,27.894,27.945,27.997,28.031,28.065,28.083,28.117,28.168,28.186,28.186,28.186,28.203,28.186,28.168,28.151,28.168,28.168,28.168,28.151,28.151,28.151,28.151,28.168,28.186,28.203,28.203,28.186,28.151,28.151,28.1,28.083,28.083,28.083,28.1,28.1,28.1,28.083,28.083,28.065,28.048,28.014,27.945,27.894,27.894,27.825,27.756,27.704,27.653,27.653,27.67,27.67,27.635,27.566,27.584,27.601,27.532,27.532,27.497,27.445,27.411,27.411,27.411,27.376,27.324,27.29,27.29,27.324,27.324,27.359,27.376,27.376,27.376,27.359,27.29,27.238,27.134,27.047,26.978,26.995,26.995,26.995,27.013,26.995,26.961,26.926,26.874,26.856,26.839,26.856,26.891,26.943,26.995,26.961,26.943,26.943,26.926,26.926,26.961,26.961,26.961,26.961,26.978,26.978,27.013,27.047,27.082,27.151,27.238,27.584,29.38,30.695,30.796,30.83,30.695,29.38,28.134,27.876,27.739,27.635,27.739,27.962,28.391,28.819,29.006,29.142,29.397,29.617,29.465,29.227,28.938,28.614,28.545,28.391,28.117,27.945,27.618,27.635,27.687,27.721,27.721,27.756,27.756,27.808,27.79,27.79,27.739,27.773,27.79,27.79,27.808,27.842,27.825,27.911,28.031,29.04,29.905,30.242,30.326,30.343,29.871,28.921,28.237,28.065,28.014,27.98,27.98,28.014,27.98,28.065,28.065,28.1,28.065,28.083,28.117,28.134,28.151,28.151,28.237,28.391,28.58,28.733,28.767,28.853,28.836,28.801,28.784,28.767,28.767,28.699,28.665,28.665,28.631,28.614,28.665,28.614,28.477,28.374,28.289,28.203,28.186,28.134,28.1,28.048,28.014,28.014,28.031,28.014,27.997,27.911,27.98,28.048,28.134,28.151,28.1,28.117,28.083,28.151,28.083,28.065,28.1,28.1
,28.545,28.614,28.733,28.887,29.006,29.057,29.091,29.125,29.176,29.193,29.176,29.125,29.091,29.04,29.04,28.989,29.006,28.972,28.87,28.75,28.614,28.494,28.443,28.391,28.374,28.323,28.289,28.271,28.22,28.186,28.168,28.134,28.1,28.1,28.083,28.065,28.065,28.065,28.031,28.048,27.997,27.997,27.997,27.945,27.945,27.98,27.997,27.997,28.031,28.048,27.962,27.928,27.876,27.79,27.773,27.859,27.962,28.117,28.289,28.323,28.306,28.323,28.289,28.254,28.254,28.237,28.203,28.134,28.065,27.997,27.945,27.911,27.894,27.911,27.945,27.962,27.928,27.876,27.842,27.773,27.756,27.721,27.67,27.635,27.635,27.584,27.601,27.687,27.67,27.618,27.635,27.618,27.618,27.618,27.601,27.635,27.67,27.773,27.842,27.911,27.962,28.014,28.031,28.065,28.1,28.134,28.168,28.186,28.186,28.22,28.237,28.22,28.237,28.237,28.254,28.237,28.186,28.134,28.203,28.203,28.186,28.203,28.237,28.237,28.22,28.186,28.168,28.168,28.134,28.117,28.1,28.117,28.134,28.117,28.117,28.117,28.083,28.048,28.031,27.997,27.962,27.928,27.928,27.842,27.756,27.739,27.687,27.67,27.67,27.67,27.653,27.618,27.566,27.584,27.549,27.532,27.497,27.463,27.394,27.394,27.394,27.359,27.307,27.307,27.307,27.342,27.342,27.376,27.376,27.376,27.376,27.359,27.307,27.238,27.134,27.047,26.995,26.978,26.978,27.013,26.995,26.978,26.943,26.943,26.891,26.874,26.839,26.874,26.909,26.961,26.978,26.978,26.978,26.978,26.943,26.961,26.978,26.943,26.943,26.961,26.978,26.978,26.995,27.047,27.082,27.151,27.186,28.065,29.82,30.746,30.83,30.846,30.427,29.006,27.98,27.842,27.687,27.618,27.601,27.635,28.031,28.426,28.545,28.733,29.074,29.193,29.142,29.006,28.665,28.562,28.477,28.323,28.014,27.653,27.618,27.653,27.653,27.704,27.739,27.773,27.79,27.825,27.825,27.773,27.773,27.79,27.79,27.825,27.808,27.79,27.808,27.859,28.254,29.448,30.073,30.242,30.292,30.141,29.448,28.58,28.203,28.083,28.014,27.997,27.962,28.014,27.997,28.048,28.1,28.083,28.065,28.1,28.117,28.134,28.151,28.168,28.22,28.357,28.597,28.784,28.801,28.784,28.819,28.75,28.767,28.767,28.75,28.682,28.682,28.648,28.648,28.648,28.614,28.528,28.426,28.34,28.306,28.22,28.168,28.134,28.117,28.065,28.031,28.031,28.014,27.98,27.98,27.997,28.031,28.083,28.1,28.151,28.203,28.134,28.134,28.1,28.151,28.083,28.117,28.083
,28.58,28.699,28.784,28.853,28.989,29.04,29.091,29.142,29.142,29.21,29.193,29.142,29.108,29.057,29.023,29.006,28.972,28.972,28.87,28.836,28.682,28.494,28.443,28.408,28.357,28.306,28.271,28.22,28.203,28.186,28.151,28.134,28.134,28.134,28.117,28.1,28.1,28.117,28.031,28.031,27.962,27.997,28.014,27.997,27.98,28.014,28.048,28.065,28.031,27.997,27.962,27.894,27.876,27.842,27.808,27.911,28.1,28.1,28.271,28.34,28.357,28.323,28.323,28.289,28.271,28.22,28.186,28.151,28.117,28.048,27.98,27.928,27.876,27.859,27.859,27.945,27.894,27.894,27.842,27.756,27.876,27.687,27.653,27.67,27.721,27.601,27.635,27.653,27.704,27.635,27.618,27.635,27.618,27.618,27.618,27.635,27.721,27.773,27.859,27.945,27.997,28.031,28.065,28.065,28.1,28.168,28.186,28.203,28.203,28.237,28.22,28.237,28.289,28.34,28.323,28.306,28.271,28.203,28.237,28.22,28.203,28.237,28.254,28.237,28.254,28.254,28.22,28.186,28.134,28.168,28.134,28.151,28.151,28.151,28.151,28.1,28.117,28.065,28.031,27.997,27.98,27.962,27.911,27.859,27.808,27.773,27.721,27.687,27.67,27.67,27.635,27.601,27.532,27.566,27.549,27.532,27.514,27.445,27.394,27.411,27.376,27.359,27.324,27.342,27.342,27.324,27.342,27.324,27.359,27.376,27.359,27.359,27.307,27.238,27.134,27.013,27.013,26.995,26.978,26.961,26.943,26.978,26.943,26.943,26.926,26.909,26.874,26.909,26.926,26.943,26.961,26.995,26.978,26.961,26.961,26.978,26.961,26.926,26.926,26.961,26.978,26.995,26.995,27.047,27.099,27.169,27.238,28.477,30.124,30.763,30.813,30.813,30.309,28.887,27.911,27.773,27.704,27.635,27.584,27.618,27.962,28.374,28.477,28.562,28.699,28.716,28.614,28.477,28.391,28.391,28.306,28.203,27.928,27.704,27.653,27.618,27.635,27.687,27.773,27.808,27.808,27.859,27.842,27.842,27.79,27.808,27.808,27.808,27.825,27.808,27.825,27.98,28.699,29.719,30.191,30.292,30.292,29.871,28.989,28.289,28.065,28.065,27.997,27.945,27.945,27.997,28.048,28.1,28.065,28.065,28.065,28.065,28.065,28.065,28.117,28.186,28.22,28.289,28.494,28.716,28.75,28.801,28.836,28.801,28.801,28.784,28.716,28.716,28.682,28.665,28.648,28.682,28.699,28.511,28.408,28.306,28.254,28.203,28.151,28.117,28.117,28.1,28.065,28.031,28.014,27.98,27.962,27.98,28.014,28.117,28.117,28.1,28.151,28.134,28.151,28.117,28.117,28.031,28.083,28.151
,28.597,28.699,28.801,28.904,28.989,29.057,29.074,29.125,29.159,29.193,29.193,29.176,29.159,29.125,29.091,29.04,29.023,28.904,28.784,28.75,28.682,28.58,28.477,28.408,28.34,28.306,28.271,28.237,28.203,28.203,28.168,28.151,28.151,28.168,28.151,28.117,28.083,28.117,28.065,28.031,27.98,28.014,28.031,27.997,28.031,28.065,28.065,28.048,28.014,27.98,27.962,27.928,27.842,27.859,27.859,27.945,28.1,28.168,28.22,28.306,28.323,28.34,28.34,28.34,28.306,28.254,28.22,28.186,28.083,27.98,27.945,27.928,27.911,27.894,27.894,27.894,27.842,27.842,27.79,27.773,27.721,27.687,27.67,27.67,27.635,27.601,27.67,27.704,27.635,27.635,27.635,27.618,27.601,27.584,27.618,27.653,27.704,27.756,27.825,27.928,27.962,28.014,28.083,28.083,28.083,28.134,28.186,28.203,28.186,28.203,28.186,28.22,28.323,28.374,28.374,28.323,28.289,28.271,28.254,28.22,28.254,28.289,28.271,28.254,28.289,28.289,28.254,28.22,28.134,28.168,28.168,28.168,28.134,28.168,28.186,28.1,28.1,28.065,28.048,27.962,27.945,27.928,27.894,27.876,27.825,27.79,27.739,27.721,27.67,27.67,27.635,27.618,27.549,27.549,27.549,27.497,27.497,27.48,27.411,27.411,27.394,27.376,27.342,27.359,27.324,27.342,27.359,27.359,27.359,27.359,27.359,27.342,27.273,27.169,27.099,27.03,27.013,26.978,26.978,26.943,26.926,26.978,26.978,26.961,26.978,26.926,26.909,26.943,26.926,26.926,26.961,26.995,26.978,26.961,26.978,26.943,26.943,26.943,26.961,26.978,26.961,26.978,27.03,27.082,27.117,27.169,27.324,28.853,30.393,30.779,30.813,30.729,30.124,28.784,27.894,27.79,27.704,27.653,27.618,27.584,27.756,27.997,28.134,28.254,28.271,28.306,28.391,28.271,28.1,28.117,28.065,27.962,27.825,27.721,27.653,27.67,27.67,27.687,27.756,27.79,27.808,27.842,27.825,27.842,27.808,27.79,27.825,27.773,27.79,27.808,27.876,28.151,29.244,29.989,30.242,30.309,30.292,29.719,28.716,28.134,28.031,28.014,27.962,27.911,27.928,27.962,28.048,28.1,28.014,28.031,28.014,27.997,28.031,28.048,28.083,28.168,28.271,28.426,28.665,28.819,28.836,28.784,28.784,28.819,28.801,28.75,28.716,28.699,28.682,28.665,28.648,28.648,28.631,28.477,28.391,28.271,28.203,28.186,28.186,28.134,28.1,28.083,28.048,28.031,28.031,27.997,27.997,28.031,28.031,28.1,28.134,28.117,28.117,28.048,28.1,28.134,28.1,28.1,28.134,28.168
,28.58,28.682,28.801,28.921,28.989,29.04,29.125,29.108,29.108,29.193,29.193,29.176,29.176,29.125,29.074,29.04,28.972,28.836,28.716,28.733,28.597,28.494,28.443,28.374,28.323,28.289,28.271,28.22,28.186,28.203,28.168,28.168,28.203,28.186,28.168,28.151,28.083,28.083,28.065,28.048,28.031,28.031,28.048,28.031,28.048,28.065,28.083,28.048,27.997,27.98,27.962,27.928,27.894,27.911,27.928,28.031,28.065,28.134,28.254,28.289,28.289,28.306,28.306,28.306,28.271,28.254,28.186,28.151,28.134,28.048,27.945,27.911,27.894,27.876,27.859,27.859,27.842,27.808,27.773,27.739,27.739,27.721,27.704,27.635,27.653,27.618,27.635,27.635,27.653,27.653,27.635,27.618,27.601,27.566,27.566,27.584,27.635,27.756,27.825,27.894,27.962,28.014,28.065,28.065,28.083,28.117,28.151,28.168,28.151,28.168,28.151,28.254,28.34,28.323,28.357,28.323,28.306,28.289,28.271,28.237,28.289,28.323,28.306,28.306,28.306,28.254,28.237,28.22,28.168,28.203,28.186,28.168,28.134,28.151,28.168,28.134,28.065,28.065,28.048,27.962,27.962,27.894,27.876,27.842,27.79,27.79,27.721,27.704,27.687,27.653,27.618,27.584,27.566,27.566,27.549,27.497,27.48,27.463,27.394,27.411,27.411,27.359,27.342,27.342,27.307,27.324,27.359,27.342,27.342,27.359,27.324,27.307,27.255,27.151,27.082,27.03,26.995,26.978,26.978,26.961,26.926,26.961,26.961,26.961,26.978,26.909,26.926,26.961,26.961,26.961,26.943,26.961,26.978,26.978,26.961,26.961,26.961,26.978,26.995,26.995,26.978,27.013,27.082,27.082,27.117,27.151,27.463,28.989,30.444,30.796,30.846,30.779,29.803,28.408,27.825,27.756,27.704,27.635,27.601,27.566,27.67,27.739,27.721,27.808,27.894,28.031,28.083,28.031,28.031,27.962,27.928,27.894,27.79,27.739,27.653,27.67,27.67,27.67,27.67,27.721,27.773,27.773,27.859,27.825,27.756,27.773,27.773,27.756,27.808,27.876,27.997,28.391,29.583,30.175,30.242,30.259,30.057,29.329,28.46,28.1,28.014,27.962,27.945,27.911,27.911,27.962,28.031,28.031,28.065,28.031,27.98,28.014,28.083,28.083,28.1,28.186,28.289,28.391,28.58,28.767,28.801,28.75,28.784,28.784,28.767,28.767,28.733,28.716,28.682,28.665,28.648,28.614,28.545,28.46,28.374,28.254,28.203,28.186,28.203,28.186,28.117,28.065,28.048,28.014,27.997,27.98,27.997,28.048,28.048,28.083,28.1,28.1,28.151,28.151,28.134,28.083,28.1,28.151,28.186,28.134
,28.597,28.699,28.819,28.904,28.955,28.989,29.074,29.108,29.125,29.244,29.227,29.176,29.159,29.142,29.091,29.006,28.921,28.87,28.75,28.614,28.528,28.477,28.426,28.374,28.34,28.323,28.271,28.22,28.203,28.22,28.203,28.203,28.203,28.203,28.186,28.168,28.134,28.117,28.065,28.048,28.065,28.048,28.048,28.065,28.048,28.065,28.083,28.065,28.014,27.997,27.945,27.911,27.911,27.894,27.876,27.928,27.997,28.203,28.237,28.271,28.289,28.289,28.289,28.271,28.22,28.203,28.1,28.014,28.014,28.014,27.98,27.962,27.928,27.911,27.911,27.894,27.79,27.773,27.773,27.721,27.756,27.687,27.721,27.653,27.67,27.653,27.653,27.653,27.67,27.653,27.653,27.653,27.601,27.601,27.584,27.566,27.618,27.756,27.808,27.859,27.962,27.997,28.031,28.065,28.1,28.083,28.134,28.117,28.134,28.168,28.151,28.254,28.271,28.271,28.323,28.34,28.323,28.271,28.271,28.289,28.306,28.323,28.323,28.306,28.271,28.22,28.237,28.237,28.203,28.203,28.186,28.186,28.168,28.151,28.151,28.151,28.065,28.083,28.065,27.997,27.945,27.859,27.825,27.79,27.756,27.739,27.704,27.704,27.67,27.618,27.635,27.584,27.584,27.566,27.584,27.497,27.48,27.445,27.394,27.394,27.394,27.359,27.342,27.307,27.29,27.29,27.324,27.29,27.307,27.324,27.307,27.273,27.238,27.151,27.082,27.013,26.978,26.978,26.978,26.961,26.926,26.961,26.961,26.943,26.926,26.926,26.943,26.961,26.978,26.978,26.961,26.961,26.978,26.978,26.995,26.995,26.978,26.995,27.03,27.047,27.03,27.047,27.099,27.082,27.117,27.186,27.48,29.04,30.427,30.746,30.779,30.662,29.6,28.22,27.79,27.721,27.653,27.601,27.601,27.618,27.653,27.687,27.704,27.756,27.773,27.842,27.928,27.997,27.98,27.962,27.928,27.928,27.842,27.687,27.635,27.67,27.67,27.687,27.687,27.721,27.721,27.756,27.842,27.859,27.808,27.773,27.79,27.756,27.808,27.894,28.014,28.87,29.753,30.191,30.259,30.242,29.77,28.853,28.203,28.048,27.962,27.928,27.928,27.911,27.894,27.928,27.962,28.014,28.014,28.031,28.014,27.98,27.997,28.014,28.117,28.237,28.289,28.391,28.528,28.699,28.699,28.699,28.716,28.733,28.75,28.767,28.733,28.699,28.648,28.631,28.631,28.597,28.545,28.477,28.374,28.289,28.22,28.203,28.168,28.134,28.065,28.048,28.065,27.997,27.997,27.962,27.997,28.065,28.1,28.1,28.134,28.151,28.117,28.083,28.083,28.151,28.134,28.117,28.151,28.117
,28.58,28.733,28.836,28.887,28.921,28.972,29.074,29.108,29.227,29.244,29.244,29.193,29.159,29.125,29.04,28.955,28.87,28.784,28.699,28.614,28.477,28.426,28.443,28.391,28.34,28.323,28.271,28.237,28.203,28.22,28.237,28.237,28.203,28.186,28.168,28.117,28.117,28.117,28.065,28.065,28.083,28.083,28.048,28.065,28.031,28.031,28.065,28.048,28.031,27.997,27.945,27.911,27.894,27.894,27.876,27.876,28.014,28.1,28.254,28.237,28.254,28.271,28.271,28.254,28.22,28.117,27.98,28.031,28.1,28.031,27.98,27.962,27.945,27.911,27.894,27.825,27.773,27.79,27.739,27.739,27.704,27.67,27.67,27.635,27.653,27.67,27.635,27.653,27.653,27.618,27.618,27.635,27.601,27.584,27.601,27.618,27.601,27.687,27.739,27.79,27.894,27.945,27.997,28.048,28.065,28.065,28.083,28.065,28.1,28.134,28.151,28.186,28.254,28.237,28.289,28.306,28.306,28.271,28.289,28.289,28.306,28.323,28.306,28.289,28.254,28.237,28.22,28.203,28.186,28.151,28.151,28.151,28.151,28.117,28.1,28.1,28.083,28.065,27.997,27.962,27.876,27.808,27.773,27.756,27.721,27.721,27.67,27.687,27.67,27.601,27.601,27.566,27.566,27.532,27.584,27.514,27.48,27.428,27.394,27.376,27.359,27.324,27.29,27.273,27.255,27.29,27.273,27.29,27.307,27.273,27.273,27.255,27.221,27.151,27.099,27.03,26.978,26.943,26.943,26.943,26.926,26.926,26.926,26.943,26.943,26.961,26.961,26.978,27.03,27.03,27.03,27.065,27.047,27.03,27.047,27.03,27.03,27.047,27.03,27.065,27.099,27.082,27.134,27.151,27.186,27.238,27.825,29.499,30.578,30.662,30.746,30.444,29.227,28.031,27.721,27.635,27.601,27.566,27.601,27.618,27.704,27.825,27.825,27.808,27.808,27.859,27.928,27.945,27.945,27.928,27.911,27.876,27.808,27.67,27.635,27.687,27.653,27.67,27.653,27.653,27.67,27.739,27.825,27.825,27.825,27.773,27.808,27.79,27.808,27.859,28.203,29.38,29.989,30.208,30.259,30.057,29.465,28.665,28.168,27.997,27.945,27.928,27.911,27.911,27.911,27.945,27.962,28.048,28.048,28.031,28.1,28.048,28.065,28.083,28.117,28.186,28.237,28.323,28.511,28.648,28.699,28.665,28.665,28.75,28.836,28.784,28.699,28.631,28.631,28.614,28.597,28.562,28.528,28.477,28.374,28.289,28.237,28.22,28.151,28.065,28.014,27.997,27.997,27.945,28.014,27.997,27.997,28.1,28.1,28.083,28.1,28.151,28.134,28.1,28.134,28.168,28.134,28.134,28.134,28.117
,28.631,28.784,28.836,28.887,28.972,29.04,29.091,29.142,29.193,29.21,29.244,29.193,29.176,29.142,29.023,28.972,28.904,28.75,28.75,28.562,28.477,28.477,28.408,28.323,28.306,28.34,28.271,28.237,28.254,28.237,28.203,28.203,28.186,28.168,28.134,28.083,28.065,28.048,28.048,28.065,28.083,28.117,28.048,28.065,28.014,28.031,28.065,28.048,28.014,27.997,27.945,27.911,27.859,27.842,27.842,27.911,27.997,28.065,28.237,28.254,28.271,28.306,28.271,28.237,28.22,28.168,28.065,28.065,28.048,27.997,27.98,27.98,27.98,27.945,27.894,27.859,27.825,27.773,27.739,27.721,27.687,27.687,27.653,27.635,27.635,27.635,27.635,27.618,27.618,27.601,27.584,27.601,27.566,27.584,27.635,27.635,27.67,27.67,27.721,27.756,27.825,27.859,27.945,27.98,27.98,28.014,28.014,28.031,28.031,28.1,28.151,28.168,28.271,28.254,28.254,28.289,28.306,28.306,28.289,28.271,28.306,28.323,28.289,28.289,28.237,28.22,28.186,28.151,28.134,28.134,28.083,28.065,28.048,28.1,28.048,28.031,28.031,27.997,27.962,27.894,27.825,27.773,27.739,27.721,27.704,27.687,27.653,27.635,27.635,27.584,27.601,27.532,27.566,27.566,27.532,27.497,27.463,27.428,27.394,27.359,27.359,27.29,27.238,27.255,27.221,27.255,27.29,27.307,27.324,27.29,27.255,27.255,27.238,27.169,27.082,27.013,26.961,26.943,26.943,26.926,26.926,26.943,26.909,26.943,26.978,26.978,26.995,27.013,27.065,27.099,27.117,27.134,27.117,27.082,27.082,27.065,27.065,27.082,27.065,27.099,27.134,27.151,27.203,27.221,27.238,27.324,28.22,29.786,30.612,30.712,30.746,30.309,29.142,28.083,27.739,27.618,27.584,27.584,27.584,27.635,27.756,27.842,27.859,27.859,27.859,27.894,27.928,27.945,27.928,27.928,27.894,27.825,27.739,27.635,27.584,27.653,27.635,27.67,27.653,27.67,27.653,27.721,27.773,27.825,27.842,27.79,27.79,27.808,27.894,27.859,28.511,29.685,30.175,30.225,30.242,29.905,29.074,28.34,28.1,27.98,27.928,27.894,27.894,27.894,27.928,27.962,27.962,28.031,28.014,28.083,28.1,28.048,28.065,28.065,28.1,28.168,28.271,28.391,28.528,28.614,28.648,28.665,28.631,28.597,28.665,28.682,28.648,28.597,28.597,28.614,28.58,28.562,28.545,28.46,28.357,28.289,28.237,28.203,28.168,28.1,28.014,27.962,27.928,27.894,27.997,27.997,28.031,28.048,28.083,28.117,28.117,28.134,28.117,28.117,28.117,28.065,28.083,28.065,28.065,28.117
,28.682,28.767,28.819,28.921,29.006,29.057,29.142,29.142,29.159,29.21,29.193,29.159,29.091,29.074,29.057,28.955,28.87,28.767,28.665,28.58,28.511,28.391,28.306,28.289,28.271,28.254,28.237,28.271,28.323,28.22,28.22,28.203,28.168,28.134,28.117,28.065,28.048,28.014,28.031,28.065,28.065,28.083,28.1,28.065,28.065,28.048,28.065,28.031,28.014,27.98,27.945,27.911,27.894,27.842,27.876,27.928,28.031,28.117,28.237,28.289,28.289,28.306,28.271,28.289,28.237,28.186,28.1,28.083,28.065,27.997,27.98,27.997,27.98,27.928,27.859,27.825,27.808,27.773,27.721,27.704,27.67,27.653,27.67,27.653,27.653,27.635,27.635,27.601,27.601,27.584,27.584,27.618,27.584,27.584,27.635,27.635,27.687,27.687,27.721,27.739,27.756,27.79,27.859,27.894,27.928,27.962,27.945,27.98,27.962,28.117,28.151,28.151,28.22,28.22,28.254,28.289,28.306,28.306,28.306,28.289,28.289,28.271,28.271,28.271,28.186,28.186,28.151,28.117,28.048,28.083,28.031,27.997,27.997,27.962,27.997,27.98,27.945,27.945,27.928,27.842,27.773,27.739,27.704,27.687,27.67,27.653,27.653,27.618,27.601,27.601,27.635,27.601,27.532,27.549,27.566,27.497,27.445,27.411,27.394,27.376,27.324,27.255,27.29,27.255,27.203,27.273,27.324,27.324,27.342,27.324,27.29,27.273,27.238,27.151,27.099,26.995,26.978,26.978,26.961,26.926,26.926,26.943,26.943,26.961,26.995,26.995,27.03,27.03,27.082,27.117,27.151,27.151,27.134,27.134,27.134,27.117,27.117,27.134,27.151,27.169,27.169,27.186,27.238,27.255,27.273,27.376,28.271,29.854,30.679,30.729,30.729,30.057,28.682,27.825,27.687,27.618,27.601,27.584,27.601,27.67,27.808,27.911,27.894,27.911,27.928,27.911,27.928,27.945,27.962,27.928,27.894,27.825,27.687,27.601,27.566,27.584,27.584,27.635,27.618,27.67,27.721,27.704,27.721,27.825,27.842,27.825,27.808,27.825,27.894,28.237,29.21,29.989,30.191,30.175,30.158,29.668,28.784,28.22,28.031,27.945,27.894,27.894,27.894,27.859,27.859,27.894,27.928,28.048,28.048,28.083,28.065,28.1,28.083,28.117,28.168,28.186,28.22,28.306,28.528,28.597,28.631,28.648,28.614,28.614,28.631,28.562,28.528,28.511,28.511,28.545,28.545,28.562,28.562,28.494,28.357,28.271,28.22,28.168,28.151,28.117,28.031,27.945,27.945,27.911,27.928,27.997,28.014,28.065,28.1,28.117,28.117,28.1,28.117,28.083,28.031,28.065,28.048,28.048,28.083,28.117
,28.631,28.733,28.836,28.955,29.023,29.057,29.125,29.142,29.176,29.159,29.125,29.108,29.057,29.006,28.972,28.938,28.87,28.801,28.801,28.631,28.528,28.391,28.306,28.271,28.254,28.22,28.22,28.237,28.254,28.271,28.271,28.186,28.117,28.1,28.083,28.031,28.014,28.031,28.031,28.065,28.065,28.065,28.083,28.048,28.048,28.014,28.014,28.031,28.048,27.997,27.928,27.911,27.894,27.859,27.859,27.894,28.014,28.117,28.22,28.289,28.289,28.323,28.306,28.323,28.186,28.134,28.134,28.117,28.048,27.98,27.928,27.945,27.962,27.945,27.911,27.894,27.876,27.825,27.739,27.721,27.67,27.67,27.67,27.687,27.635,27.635,27.601,27.584,27.601,27.601,27.584,27.584,27.584,27.601,27.601,27.635,27.67,27.67,27.653,27.687,27.687,27.721,27.756,27.808,27.859,27.876,27.894,27.911,27.911,28.083,28.065,28.134,28.186,28.186,28.254,28.306,28.271,28.271,28.306,28.254,28.254,28.237,28.271,28.254,28.186,28.168,28.083,28.048,27.98,27.962,27.876,27.894,27.894,27.842,27.894,27.876,27.876,27.859,27.842,27.773,27.721,27.67,27.653,27.67,27.601,27.618,27.618,27.584,27.601,27.618,27.584,27.584,27.566,27.514,27.532,27.48,27.428,27.394,27.359,27.359,27.307,27.273,27.255,27.273,27.255,27.29,27.324,27.324,27.342,27.324,27.29,27.273,27.221,27.151,27.082,26.978,26.978,26.961,26.943,26.943,26.926,26.943,26.943,26.961,27.013,27.03,27.082,27.082,27.082,27.134,27.169,27.169,27.169,27.169,27.186,27.169,27.169,27.169,27.169,27.203,27.203,27.186,27.221,27.273,27.342,27.445,28.408,29.972,30.695,30.729,30.679,29.938,28.528,27.756,27.687,27.635,27.584,27.601,27.618,27.687,27.79,27.859,27.876,27.876,27.876,27.911,27.945,27.98,27.962,27.945,27.876,27.773,27.704,27.601,27.549,27.514,27.584,27.584,27.618,27.653,27.704,27.721,27.739,27.842,27.859,27.825,27.825,27.825,27.859,28.58,29.719,30.175,30.191,30.158,30.023,29.278,28.357,28.1,27.997,27.911,27.894,27.876,27.876,27.825,27.842,27.876,27.894,27.945,28.048,28.1,28.083,28.083,28.065,28.048,28.1,28.168,28.254,28.357,28.494,28.597,28.614,28.631,28.631,28.614,28.562,28.511,28.494,28.477,28.477,28.494,28.528,28.562,28.545,28.477,28.306,28.237,28.186,28.117,28.1,28.048,28.014,27.962,27.894,27.894,27.911,27.876,27.997,28.065,28.1,28.1,28.117,28.117,28.083,28.065,28.065,28.014,27.997,28.048,28.1,28.117
,28.648,28.733,28.836,28.921,28.989,29.04,29.091,29.108,29.142,29.125,29.074,29.057,29.023,28.955,28.904,28.904,28.887,28.836,28.733,28.614,28.494,28.408,28.374,28.323,28.254,28.22,28.237,28.237,28.237,28.186,28.168,28.134,28.1,28.083,28.065,28.048,28.048,28.048,28.031,28.083,28.083,28.065,28.065,28.031,28.014,28.014,27.997,28.014,28.014,27.98,27.962,27.928,27.876,27.842,27.859,27.911,27.997,28.117,28.203,28.237,28.306,28.271,28.323,28.237,28.168,28.083,28.117,28.134,28.065,27.945,27.911,27.894,27.894,27.894,27.894,27.859,27.859,27.859,27.756,27.739,27.739,27.721,27.704,27.67,27.635,27.618,27.618,27.566,27.584,27.566,27.566,27.584,27.584,27.601,27.601,27.584,27.653,27.67,27.618,27.635,27.635,27.653,27.721,27.721,27.704,27.739,27.79,27.825,27.842,27.98,27.928,28.065,28.168,28.168,28.254,28.271,28.237,28.271,28.306,28.289,28.254,28.203,28.203,28.151,28.151,28.168,28.048,27.997,27.876,27.808,27.79,27.704,27.721,27.721,27.687,27.756,27.79,27.79,27.721,27.67,27.653,27.601,27.601,27.618,27.584,27.566,27.601,27.601,27.584,27.601,27.532,27.514,27.532,27.549,27.48,27.428,27.411,27.359,27.342,27.342,27.273,27.273,27.255,27.273,27.255,27.307,27.307,27.342,27.342,27.342,27.29,27.273,27.238,27.134,27.065,26.943,26.943,26.943,26.943,26.943,26.926,26.943,26.961,26.978,27.03,27.065,27.082,27.082,27.065,27.134,27.151,27.186,27.169,27.169,27.169,27.169,27.169,27.169,27.169,27.221,27.238,27.186,27.221,27.255,27.324,27.445,28.597,30.158,30.695,30.695,30.662,29.854,28.426,27.79,27.739,27.687,27.618,27.584,27.618,27.653,27.721,27.79,27.808,27.825,27.876,27.928,27.928,27.98,27.962,27.945,27.876,27.773,27.601,27.549,27.549,27.549,27.601,27.601,27.618,27.67,27.653,27.773,27.756,27.842,27.859,27.842,27.825,27.79,28.083,29.074,29.922,30.175,30.175,30.141,29.77,28.938,28.186,28.065,28.014,27.911,27.876,27.859,27.876,27.842,27.842,27.928,27.894,28.014,28.048,28.065,28.048,28.031,28.014,28.014,28.048,28.151,28.271,28.357,28.477,28.58,28.614,28.631,28.614,28.597,28.58,28.545,28.511,28.494,28.511,28.511,28.528,28.545,28.528,28.426,28.289,28.186,28.083,28.065,28.048,27.997,27.98,27.962,27.894,27.825,27.825,27.962,27.962,28.031,28.1,28.117,28.134,28.186,28.134,28.151,28.083,28.083,28.065,28.065,28.083,28.1
,28.511,28.665,28.733,28.887,28.972,29.023,29.074,29.074,29.108,29.108,29.057,29.023,29.023,28.972,28.921,28.921,28.887,28.819,28.767,28.665,28.562,28.477,28.374,28.306,28.271,28.254,28.271,28.306,28.168,28.168,28.151,28.1,28.1,28.083,28.065,28.065,28.065,28.048,28.065,28.1,28.083,28.065,28.065,27.997,28.014,28.014,27.98,27.98,27.98,27.962,27.962,27.945,27.894,27.842,27.876,27.928,28.014,28.065,28.203,28.289,28.306,28.289,28.323,28.289,28.168,28.134,28.151,28.117,28.048,27.962,27.911,27.876,27.859,27.842,27.842,27.876,27.825,27.756,27.756,27.739,27.704,27.704,27.721,27.687,27.653,27.618,27.601,27.549,27.584,27.566,27.601,27.584,27.584,27.584,27.618,27.601,27.618,27.635,27.618,27.618,27.601,27.601,27.635,27.653,27.653,27.67,27.704,27.756,27.808,27.894,27.911,28.048,28.151,28.168,28.254,28.289,28.271,28.271,28.289,28.271,28.237,28.203,28.168,28.134,28.117,28.1,28.031,27.911,27.773,27.704,27.704,27.618,27.635,27.653,27.601,27.67,27.704,27.704,27.67,27.635,27.601,27.566,27.549,27.566,27.549,27.532,27.601,27.566,27.549,27.549,27.497,27.497,27.48,27.48,27.445,27.445,27.411,27.359,27.29,27.307,27.238,27.255,27.273,27.273,27.273,27.307,27.342,27.342,27.342,27.342,27.29,27.273,27.221,27.099,27.03,26.943,26.943,26.943,26.943,26.961,26.961,26.961,26.978,27.013,27.047,27.065,27.047,27.065,27.082,27.117,27.134,27.186,27.169,27.151,27.169,27.151,27.151,27.169,27.169,27.186,27.203,27.203,27.238,27.273,27.29,27.48,28.801,30.326,30.712,30.679,30.628,29.753,28.289,27.773,27.739,27.67,27.653,27.635,27.653,27.687,27.756,27.773,27.773,27.808,27.825,27.876,27.98,27.962,27.962,27.945,27.928,27.825,27.687,27.618,27.532,27.566,27.601,27.618,27.601,27.67,27.67,27.79,27.825,27.756,27.876,27.859,27.842,27.894,28.426,29.566,30.124,30.175,30.141,30.073,29.346,28.408,28.065,27.997,27.928,27.876,27.859,27.876,27.859,27.859,27.825,27.876,27.876,27.945,27.997,28.014,28.048,28.031,28.014,28.014,28.048,28.151,28.271,28.374,28.511,28.562,28.614,28.614,28.648,28.597,28.58,28.545,28.511,28.511,28.528,28.545,28.494,28.511,28.494,28.408,28.34,28.134,28.014,28.014,28.014,27.997,27.98,27.945,27.945,27.911,27.876,27.825,27.928,27.997,28.048,28.1,28.117,28.117,28.065,28.134,27.997,28.048,28.048,28.048,28.083,28.083
,28.426,28.58,28.648,28.87,28.955,29.006,29.091,29.091,29.091,29.074,29.057,29.04,29.006,28.972,28.955,28.904,28.87,28.801,28.716,28.631,28.597,28.477,28.391,28.34,28.306,28.271,28.237,28.237,28.186,28.168,28.134,28.083,28.083,28.065,28.065,28.065,28.065,28.048,28.083,28.083,28.065,28.083,28.065,28.014,28.014,28.014,27.98,27.962,27.962,27.962,27.945,27.928,27.911,27.876,27.859,27.911,28.014,28.048,28.203,28.254,28.237,28.289,28.289,28.306,28.254,28.186,28.186,28.151,28.065,27.98,27.859,27.808,27.808,27.825,27.876,27.876,27.842,27.756,27.704,27.756,27.721,27.687,27.721,27.67,27.635,27.601,27.584,27.549,27.584,27.566,27.566,27.532,27.532,27.549,27.601,27.601,27.601,27.618,27.618,27.618,27.584,27.584,27.601,27.601,27.635,27.67,27.67,27.721,27.79,27.859,27.928,28.048,28.134,28.168,28.22,28.271,28.237,28.22,28.203,28.186,28.186,28.186,28.117,28.083,28.065,28.014,27.98,27.842,27.739,27.687,27.635,27.601,27.601,27.618,27.601,27.618,27.67,27.653,27.635,27.601,27.584,27.584,27.514,27.532,27.497,27.497,27.566,27.497,27.48,27.514,27.48,27.48,27.411,27.445,27.411,27.394,27.359,27.359,27.29,27.307,27.238,27.255,27.255,27.273,27.29,27.307,27.307,27.342,27.342,27.359,27.29,27.238,27.186,27.099,27.03,26.978,26.961,26.943,26.943,26.961,26.995,26.995,26.978,26.995,27.047,27.065,27.065,27.099,27.099,27.099,27.151,27.169,27.134,27.134,27.151,27.134,27.134,27.151,27.169,27.169,27.186,27.203,27.221,27.29,27.359,27.687,29.108,30.461,30.712,30.695,30.612,29.668,28.22,27.756,27.687,27.67,27.653,27.653,27.653,27.67,27.687,27.773,27.79,27.79,27.825,27.842,27.894,27.945,27.928,27.945,27.928,27.79,27.704,27.635,27.532,27.566,27.635,27.635,27.67,27.687,27.704,27.825,27.79,27.756,27.928,27.859,27.876,28.048,28.972,29.854,30.158,30.175,30.158,29.786,28.921,28.151,27.962,27.911,27.859,27.859,27.825,27.825,27.825,27.842,27.842,27.876,27.825,27.945,27.98,27.962,27.997,27.98,27.997,28.048,28.065,28.134,28.22,28.289,28.426,28.58,28.597,28.597,28.648,28.614,28.562,28.545,28.528,28.528,28.545,28.528,28.494,28.477,28.46,28.357,28.34,28.22,28.151,28.031,27.928,27.911,27.911,27.894,27.945,27.945,27.928,28.014,27.962,28.014,28.048,28.065,28.083,28.1,28.117,28.168,28.083,28.083,27.98,27.962,28.048,28.083
,28.391,28.511,28.699,28.87,28.887,28.972,29.074,29.074,29.091,29.091,29.074,29.04,29.04,29.006,28.955,28.904,28.836,28.767,28.716,28.597,28.58,28.494,28.426,28.374,28.306,28.271,28.22,28.186,28.134,28.117,28.1,28.117,28.1,28.048,28.048,28.083,28.065,28.048,28.065,28.065,28.031,28.048,28.048,28.014,27.98,28.031,28.031,27.962,27.962,27.962,27.928,27.894,27.876,27.859,27.859,27.876,27.98,28.048,28.151,28.22,28.254,28.271,28.254,28.22,28.22,28.151,28.134,28.151,28.065,27.962,27.894,27.842,27.842,27.842,27.859,27.842,27.825,27.773,27.687,27.653,27.635,27.653,27.704,27.653,27.635,27.601,27.601,27.584,27.601,27.549,27.566,27.514,27.514,27.532,27.514,27.566,27.549,27.601,27.618,27.618,27.584,27.618,27.601,27.601,27.601,27.635,27.653,27.721,27.79,27.808,27.928,28.065,28.1,28.151,28.186,28.186,28.134,28.1,28.1,28.014,28.065,28.048,27.997,27.997,27.962,27.911,27.825,27.808,27.687,27.635,27.601,27.618,27.584,27.584,27.566,27.584,27.601,27.635,27.601,27.584,27.549,27.549,27.463,27.497,27.497,27.463,27.514,27.48,27.48,27.497,27.463,27.411,27.376,27.394,27.359,27.359,27.394,27.324,27.273,27.29,27.255,27.255,27.255,27.255,27.273,27.29,27.307,27.307,27.307,27.342,27.29,27.238,27.169,27.099,27.047,27.013,26.978,26.943,26.961,26.961,26.995,27.013,26.995,26.995,27.013,27.047,27.065,27.117,27.099,27.099,27.134,27.151,27.117,27.117,27.134,27.134,27.134,27.151,27.169,27.169,27.169,27.186,27.238,27.29,27.342,27.945,29.533,30.628,30.729,30.729,30.561,29.312,27.825,27.704,27.67,27.653,27.653,27.653,27.67,27.704,27.773,27.825,27.808,27.825,27.876,27.859,27.894,27.962,27.962,27.928,27.894,27.808,27.67,27.584,27.532,27.601,27.653,27.653,27.704,27.721,27.687,27.773,27.756,27.876,27.894,27.859,27.928,28.22,29.448,30.057,30.141,30.175,30.107,29.363,28.408,28.048,27.962,27.894,27.842,27.842,27.842,27.79,27.79,27.79,27.825,27.825,27.842,27.842,27.894,27.945,27.894,27.911,27.962,28.014,28.083,28.151,28.203,28.254,28.357,28.511,28.597,28.648,28.631,28.597,28.562,28.545,28.545,28.545,28.528,28.494,28.46,28.46,28.408,28.357,28.22,28.203,28.048,27.997,27.962,27.894,27.876,27.911,27.911,27.98,27.842,27.98,27.928,27.911,27.98,28.048,28.083,28.1,28.048,28.117,28.117,28.048,27.962,27.945,28.014,28.065
,28.408,28.477,28.75,28.819,28.853,28.955,29.023,29.023,29.074,29.091,29.074,29.04,29.057,29.006,28.938,28.887,28.836,28.733,28.682,28.58,28.528,28.477,28.408,28.357,28.323,28.271,28.22,28.186,28.151,28.168,28.134,28.1,28.117,28.083,28.048,28.048,28.031,28.031,28.048,28.048,28.031,28.014,27.98,27.962,27.962,28.031,27.997,27.962,27.945,27.962,27.928,27.894,27.842,27.808,27.808,27.842,27.928,28.083,28.168,28.237,28.237,28.254,28.237,28.203,28.203,28.151,28.134,28.1,28.031,27.98,27.928,27.911,27.894,27.859,27.859,27.808,27.756,27.721,27.635,27.601,27.584,27.601,27.653,27.618,27.618,27.635,27.601,27.601,27.601,27.549,27.532,27.549,27.532,27.497,27.48,27.566,27.584,27.618,27.618,27.635,27.618,27.618,27.67,27.618,27.601,27.67,27.704,27.739,27.825,27.876,27.962,28.048,28.1,28.168,28.186,28.117,28.065,28.014,28.014,27.928,27.98,27.98,27.945,27.928,27.876,27.842,27.79,27.825,27.756,27.687,27.67,27.618,27.584,27.584,27.566,27.584,27.566,27.601,27.566,27.549,27.532,27.48,27.48,27.48,27.48,27.463,27.463,27.463,27.463,27.463,27.428,27.376,27.342,27.324,27.324,27.394,27.394,27.359,27.307,27.324,27.238,27.238,27.238,27.238,27.255,27.273,27.307,27.29,27.29,27.29,27.273,27.238,27.169,27.134,27.082,27.03,27.013,26.961,26.961,26.961,26.978,26.995,26.995,27.013,27.03,27.047,27.065,27.065,27.082,27.082,27.065,27.117,27.134,27.117,27.134,27.134,27.134,27.151,27.151,27.151,27.151,27.169,27.221,27.307,27.376,28.048,29.685,30.729,30.746,30.763,30.427,29.091,27.739,27.635,27.601,27.601,27.601,27.635,27.687,27.721,27.773,27.825,27.842,27.842,27.894,27.945,27.945,27.997,27.962,27.911,27.859,27.808,27.653,27.653,27.601,27.618,27.653,27.67,27.704,27.704,27.704,27.739,27.808,27.911,27.876,27.911,28.014,28.887,29.786,30.09,30.107,30.124,29.854,28.972,28.1,27.928,27.911,27.894,27.808,27.79,27.773,27.79,27.756,27.79,27.79,27.808,27.842,27.859,27.876,27.876,27.911,27.945,27.945,27.98,28.065,28.117,28.168,28.237,28.323,28.408,28.58,28.597,28.597,28.562,28.562,28.545,28.528,28.528,28.511,28.46,28.426,28.426,28.357,28.323,28.203,28.134,28.048,27.945,27.928,27.928,27.911,27.928,27.928,28.031,27.98,27.876,27.859,27.962,28.048,28.065,28.065,28.083,28.048,28.065,28.031,28.014,27.98,27.98,28.014,28.048
,28.408,28.511,28.614,28.836,28.938,28.972,29.006,29.04,29.074,29.091,29.057,29.057,29.006,28.955,28.904,28.853,28.784,28.716,28.597,28.58,28.511,28.443,28.374,28.34,28.323,28.271,28.237,28.203,28.186,28.186,28.151,28.1,28.117,28.1,28.048,28.048,28.014,27.98,28.014,28.014,27.98,28.014,27.98,27.98,28.014,28.031,27.962,27.945,27.945,27.945,27.928,27.876,27.808,27.773,27.808,27.859,27.945,28.048,28.117,28.203,28.22,28.237,28.203,28.237,28.186,28.134,28.083,28.1,28.048,27.997,27.962,27.911,27.859,27.859,27.842,27.825,27.773,27.67,27.584,27.566,27.549,27.566,27.601,27.618,27.618,27.635,27.601,27.566,27.584,27.601,27.601,27.532,27.514,27.48,27.497,27.497,27.549,27.584,27.601,27.618,27.635,27.601,27.704,27.653,27.653,27.721,27.739,27.773,27.859,27.962,27.997,28.048,28.134,28.168,28.186,28.083,28.014,27.962,27.98,27.911,27.945,27.98,27.876,27.876,27.842,27.842,27.859,27.859,27.842,27.79,27.756,27.653,27.584,27.618,27.601,27.601,27.601,27.566,27.532,27.549,27.497,27.48,27.497,27.48,27.445,27.428,27.428,27.394,27.445,27.463,27.376,27.359,27.324,27.324,27.29,27.342,27.376,27.376,27.342,27.324,27.238,27.238,27.238,27.238,27.273,27.273,27.29,27.273,27.273,27.238,27.238,27.221,27.186,27.151,27.099,27.047,27.013,26.961,26.961,26.961,26.978,26.995,27.013,27.013,27.03,27.047,27.047,27.047,27.065,27.082,27.065,27.082,27.117,27.099,27.117,27.134,27.134,27.151,27.151,27.151,27.151,27.169,27.238,27.307,27.394,28.117,29.702,30.695,30.746,30.746,30.208,28.853,27.825,27.653,27.618,27.566,27.566,27.618,27.653,27.721,27.756,27.808,27.842,27.842,27.876,27.876,27.962,28.014,27.928,27.911,27.859,27.79,27.687,27.67,27.653,27.601,27.653,27.67,27.687,27.739,27.756,27.739,27.756,27.842,27.894,27.945,28.151,29.414,30.023,30.09,30.107,30.09,29.617,28.648,27.945,27.808,27.859,27.859,27.825,27.79,27.773,27.756,27.756,27.739,27.773,27.825,27.842,27.859,27.876,27.842,27.825,27.859,27.894,27.98,28.048,28.1,28.168,28.254,28.374,28.511,28.494,28.597,28.562,28.545,28.545,28.528,28.511,28.511,28.477,28.443,28.391,28.408,28.357,28.289,28.203,28.1,27.997,27.98,27.98,27.962,27.945,27.945,27.928,27.859,28.014,27.945,27.859,27.911,27.98,27.997,28.014,28.065,28.048,28.065,28.031,28.031,27.98,27.945,27.997,28.014
,28.477,28.665,28.699,28.836,28.938,28.972,29.006,29.04,29.074,29.074,29.057,29.04,28.989,28.955,28.904,28.819,28.75,28.682,28.597,28.562,28.477,28.443,28.374,28.357,28.306,28.271,28.237,28.203,28.186,28.168,28.151,28.151,28.1,28.1,28.014,27.997,28.014,28.014,27.997,27.962,27.98,27.997,28.014,27.997,27.98,28.031,27.98,27.962,27.928,27.945,27.928,27.876,27.808,27.79,27.79,27.842,27.928,28.065,28.134,28.203,28.186,28.203,28.203,28.186,28.151,28.117,28.1,28.117,28.048,27.98,27.962,27.928,27.894,27.859,27.842,27.825,27.79,27.756,27.687,27.601,27.532,27.514,27.601,27.618,27.635,27.618,27.584,27.566,27.618,27.584,27.584,27.618,27.514,27.514,27.497,27.497,27.532,27.566,27.566,27.601,27.653,27.653,27.687,27.721,27.721,27.808,27.842,27.894,27.98,28.031,28.083,28.151,28.168,28.168,28.203,28.1,28.014,27.962,27.997,27.945,27.945,27.962,27.842,27.842,27.859,27.859,27.876,27.928,27.876,27.842,27.808,27.704,27.687,27.67,27.704,27.584,27.618,27.584,27.549,27.514,27.497,27.48,27.48,27.463,27.428,27.428,27.411,27.394,27.463,27.463,27.394,27.342,27.324,27.324,27.324,27.324,27.359,27.324,27.324,27.324,27.29,27.273,27.221,27.221,27.221,27.238,27.255,27.273,27.255,27.255,27.238,27.221,27.203,27.169,27.099,27.047,27.013,26.978,26.961,26.961,26.961,26.961,26.995,27.03,27.03,27.047,27.03,27.047,27.047,27.047,27.065,27.065,27.099,27.117,27.117,27.134,27.151,27.169,27.169,27.169,27.169,27.203,27.255,27.307,27.394,28.237,29.871,30.679,30.746,30.763,30.141,28.716,27.825,27.67,27.601,27.584,27.549,27.584,27.635,27.704,27.756,27.808,27.876,27.911,27.894,27.962,28.031,27.98,27.911,27.876,27.859,27.739,27.704,27.635,27.618,27.601,27.67,27.687,27.704,27.721,27.739,27.756,27.756,27.842,27.842,27.894,28.648,29.634,30.04,30.09,30.107,29.972,29.329,28.408,27.859,27.756,27.773,27.739,27.79,27.773,27.79,27.756,27.773,27.79,27.739,27.79,27.79,27.79,27.859,27.842,27.876,27.876,27.894,27.962,28.031,28.1,28.134,28.186,28.289,28.494,28.528,28.682,28.58,28.545,28.528,28.511,28.511,28.477,28.443,28.426,28.408,28.357,28.357,28.271,28.168,28.031,28.014,27.997,27.945,27.945,27.911,27.928,27.945,27.842,27.876,27.859,27.859,27.894,27.962,27.98,27.98,28.014,27.997,27.997,28.048,28.1,28.031,27.962,27.997,27.997
,28.46,28.682,28.767,28.836,28.921,28.955,28.989,29.04,29.04,29.04,29.057,29.023,28.972,28.972,28.921,28.801,28.733,28.665,28.58,28.528,28.477,28.46,28.391,28.34,28.306,28.271,28.237,28.237,28.203,28.168,28.134,28.134,28.134,28.065,28.065,28.031,27.98,27.98,27.997,27.98,27.98,27.98,27.997,27.98,27.962,27.962,27.98,27.945,27.928,27.98,27.945,27.842,27.79,27.756,27.756,27.79,27.876,28.014,28.151,28.203,28.186,28.237,28.22,28.203,28.151,28.134,28.134,28.1,28.065,27.98,27.945,27.911,27.894,27.876,27.842,27.79,27.773,27.704,27.601,27.584,27.601,27.549,27.566,27.601,27.618,27.618,27.618,27.635,27.618,27.601,27.601,27.566,27.532,27.497,27.514,27.514,27.514,27.566,27.584,27.601,27.67,27.687,27.773,27.79,27.842,27.997,27.997,28.031,28.048,28.065,28.134,28.22,28.186,28.186,28.186,28.1,28.048,27.962,27.98,27.98,28.031,28.048,27.894,27.876,27.928,27.842,27.894,27.928,27.911,27.876,27.842,27.808,27.79,27.773,27.79,27.67,27.635,27.601,27.549,27.584,27.532,27.566,27.463,27.463,27.428,27.428,27.394,27.428,27.428,27.394,27.359,27.359,27.359,27.307,27.342,27.359,27.376,27.324,27.324,27.324,27.29,27.273,27.221,27.238,27.221,27.221,27.255,27.238,27.238,27.238,27.255,27.221,27.186,27.186,27.099,27.013,27.013,26.978,26.961,26.926,26.943,26.961,26.978,27.03,27.047,27.047,27.047,27.047,27.047,27.047,27.047,27.065,27.082,27.082,27.099,27.134,27.134,27.151,27.169,27.186,27.186,27.221,27.255,27.307,27.428,28.528,30.175,30.628,30.695,30.695,29.905,28.426,27.739,27.601,27.601,27.584,27.566,27.601,27.653,27.687,27.756,27.808,27.859,27.911,27.962,28.031,27.997,28.014,27.945,27.876,27.859,27.721,27.635,27.601,27.618,27.601,27.635,27.653,27.687,27.687,27.721,27.756,27.739,27.825,27.808,27.928,29.176,29.888,30.04,30.09,30.057,29.668,28.733,27.928,27.808,27.721,27.67,27.721,27.756,27.773,27.773,27.773,27.773,27.79,27.825,27.859,27.842,27.842,27.842,27.876,27.876,27.894,27.911,27.928,28.014,28.1,28.134,28.203,28.34,28.511,28.58,28.614,28.58,28.562,28.545,28.528,28.528,28.494,28.46,28.443,28.426,28.357,28.408,28.271,28.186,28.031,27.945,27.911,27.894,27.945,27.945,27.894,27.928,27.859,27.911,27.928,27.894,27.876,27.928,27.997,27.962,27.98,27.997,27.997,28.048,28.117,28.1,28.048,28.031,28.014
,28.477,28.614,28.75,28.836,28.921,28.938,28.989,29.04,29.057,29.04,29.04,29.04,28.955,28.955,28.904,28.801,28.716,28.648,28.562,28.511,28.477,28.443,28.391,28.34,28.323,28.271,28.271,28.254,28.22,28.186,28.134,28.134,28.1,28.065,28.065,28.048,27.962,27.945,27.962,27.962,27.962,27.98,27.997,27.962,27.98,27.98,27.962,27.945,27.945,27.945,27.911,27.79,27.739,27.739,27.773,27.825,27.859,27.962,28.134,28.168,28.186,28.237,28.22,28.151,28.151,28.237,28.168,28.186,28.117,27.98,27.928,27.859,27.859,27.876,27.842,27.79,27.773,27.704,27.635,27.601,27.549,27.549,27.566,27.566,27.601,27.618,27.601,27.601,27.584,27.618,27.584,27.549,27.566,27.532,27.549,27.532,27.566,27.584,27.618,27.635,27.704,27.756,27.842,27.945,27.928,28.031,28.014,28.065,28.065,28.083,28.1,28.186,28.186,28.186,28.134,28.083,28.048,27.997,27.962,27.98,28.048,28.083,27.945,27.911,27.911,27.859,27.962,27.962,27.945,27.928,27.859,27.876,27.876,27.876,27.842,27.773,27.67,27.653,27.601,27.618,27.549,27.618,27.532,27.514,27.445,27.445,27.411,27.445,27.411,27.376,27.394,27.342,27.359,27.324,27.359,27.342,27.342,27.324,27.307,27.29,27.273,27.238,27.238,27.238,27.238,27.255,27.255,27.238,27.238,27.255,27.221,27.221,27.186,27.151,27.082,27.013,26.995,26.943,26.943,26.926,26.909,26.943,26.995,27.065,27.065,27.065,27.065,27.065,27.047,27.047,27.047,27.03,27.065,27.065,27.099,27.151,27.134,27.151,27.169,27.186,27.186,27.203,27.255,27.324,27.514,28.648,30.225,30.662,30.729,30.679,29.837,28.323,27.721,27.601,27.601,27.618,27.549,27.584,27.618,27.67,27.756,27.808,27.876,27.911,27.876,27.962,27.997,27.962,27.894,27.911,27.894,27.721,27.635,27.618,27.601,27.601,27.618,27.635,27.687,27.704,27.739,27.756,27.721,27.773,27.842,28.34,29.482,29.989,30.023,30.04,29.854,29.21,28.408,27.945,27.756,27.704,27.687,27.721,27.739,27.79,27.773,27.773,27.79,27.808,27.808,27.842,27.876,27.911,27.859,27.876,27.876,27.894,27.928,27.962,28.048,28.083,28.134,28.22,28.391,28.614,28.58,28.58,28.562,28.562,28.562,28.528,28.511,28.511,28.477,28.443,28.408,28.408,28.443,28.254,28.151,28.031,27.997,27.997,27.962,27.928,27.894,27.859,27.894,27.842,27.911,27.911,27.911,27.928,27.928,27.962,27.98,28.014,28.014,28.014,28.014,28.048,28.048,28.031,28.083,28.031
,28.443,28.528,28.75,28.853,28.887,28.955,28.972,29.006,29.057,29.074,29.04,29.006,28.955,28.955,28.853,28.784,28.716,28.631,28.58,28.528,28.46,28.443,28.374,28.289,28.289,28.289,28.289,28.306,28.271,28.168,28.151,28.117,28.117,28.065,28.048,28.014,28.014,27.945,27.928,27.962,27.98,27.98,27.997,27.962,27.962,27.962,27.945,27.945,27.962,27.876,27.876,27.825,27.773,27.739,27.79,27.842,27.894,28.014,28.117,28.134,28.151,28.186,28.203,28.134,28.151,28.168,28.1,28.134,28.031,27.98,27.928,27.859,27.842,27.842,27.842,27.842,27.773,27.704,27.653,27.584,27.549,27.566,27.584,27.566,27.584,27.618,27.584,27.584,27.566,27.566,27.549,27.549,27.566,27.566,27.566,27.566,27.618,27.635,27.67,27.687,27.739,27.808,27.911,28.014,27.98,28.065,28.031,28.065,28.083,28.083,28.151,28.151,28.203,28.186,28.134,28.1,28.065,28.014,27.945,27.962,27.997,27.997,27.962,27.894,27.876,27.842,27.962,27.98,27.911,27.928,27.859,27.894,27.928,27.894,27.859,27.808,27.739,27.739,27.67,27.635,27.635,27.618,27.532,27.532,27.445,27.445,27.445,27.445,27.411,27.376,27.376,27.324,27.359,27.342,27.342,27.324,27.324,27.324,27.307,27.273,27.273,27.221,27.221,27.203,27.238,27.255,27.238,27.255,27.238,27.255,27.221,27.203,27.151,27.117,27.047,26.995,26.978,26.943,26.909,26.891,26.874,26.891,26.995,27.065,27.065,27.065,27.065,27.082,27.065,27.047,27.047,27.047,27.082,27.065,27.099,27.134,27.134,27.151,27.169,27.169,27.203,27.221,27.273,27.359,27.808,29.125,30.427,30.645,30.679,30.494,29.516,28.151,27.721,27.601,27.584,27.584,27.584,27.549,27.532,27.584,27.721,27.739,27.756,27.808,27.842,27.842,27.859,27.945,27.859,27.876,27.842,27.79,27.653,27.635,27.566,27.601,27.67,27.67,27.67,27.704,27.739,27.756,27.721,27.808,28.083,29.023,29.786,30.023,30.04,30.04,29.583,28.733,28.117,27.79,27.704,27.67,27.67,27.653,27.704,27.79,27.825,27.808,27.808,27.825,27.894,27.842,27.825,27.842,27.825,27.825,27.876,27.894,27.911,27.98,28.048,28.065,28.1,28.22,28.426,28.511,28.528,28.648,28.614,28.58,28.528,28.528,28.545,28.528,28.511,28.477,28.408,28.426,28.391,28.237,28.117,28.031,27.997,27.98,27.945,27.928,27.894,27.876,27.842,27.859,27.876,27.859,27.911,27.98,27.98,27.98,28.031,28.014,28.014,27.997,28.014,27.997,27.997,28.014,28.048,28.1
,28.528,28.648,28.733,28.767,28.853,28.904,28.955,29.006,29.04,29.04,28.989,28.989,28.989,28.938,28.87,28.784,28.699,28.631,28.58,28.528,28.46,28.443,28.34,28.289,28.271,28.289,28.289,28.271,28.22,28.151,28.083,28.083,28.048,28.065,28.065,28.083,28.031,27.98,27.962,27.945,27.962,28.031,27.997,27.98,27.98,27.962,27.928,27.928,27.962,27.842,27.842,27.808,27.79,27.773,27.79,27.859,27.945,28.031,28.117,28.151,28.168,28.186,28.168,28.134,28.1,28.065,28.065,28.065,27.98,27.928,27.911,27.876,27.842,27.825,27.825,27.859,27.825,27.687,27.618,27.584,27.532,27.549,27.532,27.549,27.601,27.601,27.618,27.618,27.566,27.549,27.566,27.566,27.549,27.584,27.566,27.618,27.653,27.67,27.721,27.773,27.859,27.859,27.945,28.014,28.014,28.1,28.083,28.083,28.048,28.1,28.151,28.134,28.186,28.151,28.151,28.134,28.065,28.014,27.945,27.945,27.997,27.945,27.962,27.894,27.894,27.876,27.962,27.945,27.911,27.945,27.859,27.928,27.911,27.911,27.894,27.842,27.79,27.79,27.721,27.687,27.687,27.601,27.532,27.514,27.463,27.48,27.428,27.445,27.394,27.359,27.359,27.342,27.324,27.342,27.359,27.359,27.342,27.324,27.307,27.273,27.238,27.238,27.203,27.238,27.238,27.29,27.255,27.255,27.255,27.238,27.221,27.169,27.134,27.082,27.03,26.995,26.943,26.909,26.874,26.856,26.839,26.874,26.961,27.047,27.065,27.047,27.047,27.047,27.065,27.047,27.03,27.047,27.099,27.099,27.099,27.099,27.099,27.151,27.169,27.169,27.203,27.221,27.255,27.411,28.083,29.482,30.528,30.662,30.662,30.376,29.278,28.065,27.773,27.566,27.584,27.584,27.566,27.549,27.601,27.635,27.704,27.704,27.687,27.756,27.773,27.79,27.945,27.928,27.859,27.876,27.808,27.756,27.618,27.601,27.601,27.549,27.704,27.67,27.67,27.687,27.721,27.739,27.756,27.876,28.46,29.533,29.955,30.006,30.006,29.955,29.363,28.391,27.876,27.825,27.721,27.67,27.653,27.739,27.739,27.756,27.859,27.825,27.79,27.808,27.859,27.859,27.859,27.842,27.825,27.825,27.842,27.859,27.911,27.945,27.997,28.117,28.083,28.203,28.477,28.494,28.58,28.648,28.648,28.597,28.562,28.58,28.58,28.545,28.528,28.494,28.34,28.374,28.426,28.186,28.014,27.962,27.945,27.945,27.928,27.876,27.859,27.808,27.859,27.876,27.911,27.911,27.928,27.98,27.997,27.997,28.048,27.997,27.997,28.031,28.048,28.031,28.031,28.083,28.1,28.031
,28.477,28.58,28.597,28.784,28.853,28.904,28.989,29.057,29.04,29.006,29.006,28.955,28.955,28.955,28.87,28.767,28.699,28.631,28.562,28.528,28.46,28.408,28.306,28.271,28.254,28.237,28.22,28.203,28.186,28.151,28.065,28.065,28.065,28.031,28.048,28.151,27.997,27.911,27.945,27.962,27.962,27.98,28.014,27.997,27.997,27.98,27.962,27.962,27.945,27.894,27.876,27.825,27.808,27.825,27.842,27.911,27.997,28.048,28.1,28.168,28.168,28.186,28.117,28.1,28.083,28.031,27.98,28.014,27.962,27.876,27.825,27.842,27.842,27.859,27.842,27.842,27.808,27.687,27.618,27.584,27.549,27.549,27.566,27.601,27.601,27.549,27.566,27.532,27.532,27.549,27.532,27.532,27.549,27.584,27.601,27.618,27.67,27.721,27.79,27.842,27.911,27.911,27.962,27.962,28.048,28.065,28.083,28.048,28.014,28.083,28.083,28.1,28.151,28.134,28.151,28.1,28.065,28.048,27.962,27.945,27.997,27.945,27.962,27.945,27.911,27.928,27.98,27.962,27.876,27.859,27.894,27.894,27.859,27.876,27.894,27.859,27.79,27.808,27.739,27.739,27.67,27.584,27.549,27.532,27.463,27.463,27.428,27.428,27.394,27.376,27.342,27.307,27.324,27.324,27.359,27.376,27.342,27.307,27.29,27.255,27.221,27.221,27.238,27.238,27.221,27.29,27.273,27.273,27.255,27.238,27.221,27.151,27.117,27.065,27.03,26.995,26.926,26.891,26.874,26.856,26.856,26.874,26.926,27.03,27.047,27.013,26.995,27.03,27.03,27.047,27.047,27.047,27.065,27.065,27.082,27.099,27.117,27.134,27.151,27.151,27.169,27.203,27.238,27.359,28.1,29.702,30.612,30.695,30.645,30.208,28.921,27.928,27.67,27.601,27.601,27.566,27.566,27.566,27.566,27.566,27.635,27.704,27.739,27.756,27.773,27.928,27.876,27.859,27.876,27.876,27.842,27.756,27.601,27.635,27.618,27.601,27.67,27.635,27.687,27.704,27.739,27.756,27.808,27.945,28.989,29.82,30.023,30.023,29.955,29.77,29.04,28.117,27.808,27.739,27.721,27.653,27.653,27.721,27.79,27.808,27.773,27.773,27.773,27.825,27.876,27.876,27.859,27.825,27.825,27.825,27.808,27.825,27.876,27.928,28.031,28.1,28.134,28.271,28.494,28.597,28.665,28.665,28.648,28.614,28.614,28.614,28.597,28.545,28.426,28.443,28.374,28.374,28.357,28.254,28.186,28.065,27.98,27.928,27.928,27.945,27.911,27.842,27.773,27.842,27.894,27.876,27.911,27.962,27.98,27.98,27.997,28.014,28.048,28.014,28.014,28.031,28.031,28.031,28.1,28.083
,28.494,28.545,28.614,28.75,28.853,28.853,28.938,29.006,29.006,28.989,28.955,28.938,28.989,29.006,28.87,28.784,28.699,28.631,28.58,28.528,28.443,28.34,28.237,28.271,28.237,28.203,28.186,28.168,28.151,28.134,28.1,28.083,28.065,28.048,28.083,28.031,27.962,27.928,27.928,27.945,27.945,27.997,28.014,27.962,27.98,27.962,27.962,27.98,27.911,27.945,27.894,27.825,27.808,27.808,27.842,27.911,27.98,28.065,28.134,28.151,28.168,28.186,28.151,28.117,28.1,28.065,28.014,28.031,27.911,27.859,27.808,27.79,27.825,27.859,27.825,27.825,27.773,27.653,27.601,27.566,27.532,27.549,27.532,27.549,27.566,27.549,27.566,27.549,27.549,27.584,27.584,27.549,27.549,27.532,27.549,27.584,27.687,27.67,27.876,27.859,27.894,27.911,27.928,27.945,28.014,28.031,28.065,28.014,27.98,28.031,28.031,28.083,28.117,28.1,28.083,28.083,28.048,28.048,28.014,27.98,28.048,27.945,27.997,27.945,27.945,27.98,27.945,27.962,27.825,27.808,27.859,27.859,27.859,27.859,27.859,27.876,27.79,27.825,27.739,27.721,27.67,27.601,27.566,27.514,27.428,27.428,27.411,27.394,27.394,27.359,27.342,27.29,27.324,27.342,27.359,27.359,27.324,27.29,27.273,27.29,27.238,27.238,27.273,27.238,27.221,27.238,27.255,27.273,27.255,27.238,27.221,27.151,27.117,27.082,27.047,26.995,26.943,26.891,26.874,26.856,26.874,26.909,26.961,26.978,26.995,26.995,26.978,26.978,26.995,27.03,27.03,27.03,27.065,27.082,27.082,27.117,27.134,27.117,27.117,27.134,27.134,27.151,27.203,27.342,28.443,30.242,30.645,30.679,30.628,30.09,28.648,27.876,27.756,27.635,27.601,27.566,27.566,27.566,27.549,27.584,27.635,27.721,27.756,27.808,27.825,27.808,27.894,27.825,27.876,27.859,27.842,27.721,27.635,27.584,27.566,27.601,27.653,27.67,27.704,27.721,27.773,27.79,27.859,28.374,29.533,30.057,30.04,30.023,29.922,29.499,28.665,27.859,27.739,27.687,27.67,27.67,27.67,27.704,27.756,27.756,27.773,27.773,27.773,27.79,27.773,27.825,27.859,27.859,27.842,27.808,27.808,27.79,27.808,27.894,28.065,28.083,28.151,28.323,28.477,28.597,28.665,28.699,28.682,28.631,28.648,28.648,28.58,28.562,28.511,28.357,28.408,28.323,28.374,28.271,28.1,28.014,27.997,27.945,27.911,27.945,27.945,27.859,27.808,27.808,27.842,27.859,27.911,27.98,27.98,28.014,28.014,28.031,28.083,28.031,27.997,28.031,28.048,27.98,27.962,28.014
,28.443,28.511,28.682,28.75,28.921,28.87,28.921,29.006,29.057,29.04,28.972,28.904,28.887,28.87,28.904,28.801,28.699,28.631,28.58,28.511,28.408,28.323,28.22,28.237,28.22,28.168,28.168,28.151,28.134,28.117,28.1,28.083,28.031,28.031,28.048,27.997,27.928,27.928,27.945,27.98,27.962,27.945,27.962,27.962,27.928,27.945,27.928,27.945,27.928,27.876,27.842,27.79,27.79,27.773,27.825,27.894,27.962,28.048,28.117,28.151,28.168,28.186,28.203,28.117,28.1,28.117,28.1,28.048,27.894,27.894,27.859,27.808,27.825,27.825,27.825,27.773,27.721,27.67,27.618,27.584,27.549,27.514,27.514,27.532,27.549,27.549,27.584,27.635,27.618,27.584,27.601,27.532,27.497,27.497,27.566,27.618,27.721,27.704,27.842,27.876,27.928,27.911,27.945,27.962,27.98,27.962,27.98,28.014,27.997,27.997,27.962,27.997,28.014,27.997,28.014,28.048,28.031,28.083,28.083,28.031,28.048,27.98,28.014,27.997,27.98,28.014,27.962,27.962,27.842,27.859,27.808,27.859,27.859,27.859,27.842,27.859,27.808,27.808,27.739,27.704,27.67,27.618,27.549,27.497,27.428,27.394,27.376,27.359,27.376,27.342,27.342,27.29,27.307,27.342,27.342,27.342,27.342,27.255,27.29,27.29,27.238,27.273,27.273,27.255,27.221,27.255,27.273,27.29,27.273,27.238,27.221,27.186,27.151,27.117,27.047,27.013,26.978,26.909,26.909,26.891,26.856,26.909,26.978,26.943,26.943,26.961,26.943,26.943,26.961,26.995,26.995,26.961,27.013,27.082,27.03,27.047,27.065,27.047,27.082,27.099,27.117,27.099,27.169,27.359,28.477,30.276,30.695,30.712,30.612,30.023,28.614,27.79,27.653,27.618,27.618,27.584,27.549,27.584,27.549,27.601,27.704,27.825,27.842,27.911,27.825,27.894,27.842,27.825,27.842,27.808,27.808,27.739,27.584,27.532,27.514,27.566,27.653,27.687,27.721,27.756,27.808,27.859,28.031,29.04,29.837,30.073,30.057,29.989,29.651,28.836,28.014,27.704,27.67,27.687,27.635,27.721,27.67,27.687,27.704,27.721,27.739,27.756,27.756,27.773,27.808,27.842,27.859,27.842,27.825,27.808,27.79,27.79,27.79,27.859,28.014,28.048,28.117,28.289,28.443,28.58,28.631,28.665,28.648,28.614,28.597,28.631,28.58,28.511,28.494,28.477,28.374,28.34,28.271,28.203,28.151,28.083,28.031,28.014,27.98,28.014,27.911,27.859,27.825,27.808,27.808,27.825,27.911,27.98,27.962,28.048,28.048,28.014,28.031,28.065,28.048,28.065,28.117,27.997,28.048,27.962
,28.408,28.46,28.648,28.75,28.87,28.87,28.972,28.955,28.904,28.904,28.938,29.006,28.938,28.887,28.904,28.819,28.682,28.58,28.528,28.494,28.426,28.323,28.254,28.168,28.186,28.151,28.151,28.134,28.117,28.117,28.1,28.1,28.031,28.031,28.031,28.014,28.014,27.945,27.894,27.894,27.928,27.928,27.928,27.928,27.928,27.945,27.928,27.911,27.859,27.876,27.79,27.756,27.756,27.704,27.808,27.911,27.928,27.997,28.1,28.151,28.186,28.186,28.186,28.134,28.1,28.083,28.065,27.997,27.98,27.928,27.859,27.842,27.825,27.79,27.808,27.756,27.704,27.653,27.618,27.584,27.532,27.497,27.497,27.514,27.532,27.549,27.549,27.601,27.584,27.497,27.566,27.566,27.497,27.514,27.532,27.549,27.67,27.825,27.842,27.842,27.894,27.911,27.911,27.928,27.911,27.962,27.962,27.997,27.997,28.014,27.945,27.945,27.98,27.945,27.98,28.014,28.031,28.117,28.117,28.083,28.065,28.031,28.031,28.048,28.048,28.048,28.014,27.98,27.894,27.911,27.808,27.842,27.842,27.842,27.808,27.842,27.808,27.79,27.721,27.704,27.67,27.601,27.549,27.497,27.428,27.376,27.342,27.359,27.359,27.342,27.359,27.324,27.29,27.29,27.307,27.29,27.307,27.255,27.255,27.203,27.255,27.255,27.221,27.221,27.203,27.273,27.307,27.307,27.29,27.238,27.221,27.203,27.186,27.134,27.03,26.978,26.995,26.909,26.943,26.891,26.856,26.874,26.961,26.943,26.891,26.909,26.874,26.891,26.926,26.943,26.961,26.926,26.943,27.013,26.995,27.03,27.047,27.013,26.995,27.047,27.065,27.065,27.099,27.549,28.938,30.343,30.695,30.662,30.511,29.786,28.237,27.721,27.67,27.704,27.635,27.601,27.566,27.532,27.549,27.635,27.687,27.739,27.808,27.825,27.859,27.859,27.808,27.808,27.79,27.79,27.721,27.739,27.549,27.514,27.497,27.532,27.618,27.67,27.721,27.773,27.808,27.945,28.306,29.414,30.006,30.073,30.073,30.006,29.363,28.426,27.962,27.687,27.67,27.67,27.687,27.618,27.618,27.618,27.67,27.704,27.704,27.721,27.756,27.756,27.79,27.808,27.842,27.842,27.825,27.808,27.79,27.79,27.808,27.842,27.945,28.014,28.1,28.357,28.443,28.562,28.562,28.562,28.562,28.562,28.597,28.631,28.562,28.494,28.477,28.426,28.323,28.306,28.254,28.237,28.168,28.065,27.997,28.031,28.048,27.98,27.911,27.859,27.825,27.773,27.79,27.808,27.842,27.928,27.928,28.014,28.031,28.031,28.083,28.083,28.083,28.083,28.014,28.031,28.031,28.048
,28.477,28.562,28.682,28.767,28.853,28.904,29.006,29.006,28.972,28.955,28.989,29.006,28.955,28.938,28.801,28.767,28.614,28.511,28.494,28.477,28.374,28.22,28.22,28.134,28.151,28.134,28.117,28.134,28.117,28.1,28.1,28.1,28.083,28.065,28.048,28.014,27.997,27.962,27.928,27.962,27.962,27.928,27.911,27.928,27.911,27.911,27.911,27.911,27.825,27.808,27.79,27.773,27.773,27.773,27.825,27.911,27.911,27.98,28.1,28.168,28.203,28.22,28.186,28.134,28.1,28.065,28.065,28.065,27.997,27.894,27.859,27.825,27.808,27.79,27.79,27.739,27.704,27.653,27.601,27.566,27.549,27.532,27.48,27.48,27.532,27.532,27.549,27.549,27.566,27.584,27.601,27.514,27.514,27.549,27.549,27.635,27.687,27.756,27.825,27.842,27.876,27.894,27.876,27.894,27.911,27.928,27.997,27.98,27.911,27.962,27.928,27.911,27.962,27.928,27.928,28.014,28.048,28.134,28.117,28.083,28.1,28.065,28.048,28.083,28.1,28.065,28.031,27.945,27.928,27.876,27.808,27.825,27.825,27.808,27.808,27.825,27.773,27.79,27.721,27.687,27.618,27.601,27.584,27.48,27.411,27.376,27.342,27.342,27.324,27.359,27.324,27.307,27.273,27.255,27.273,27.273,27.255,27.255,27.221,27.203,27.203,27.203,27.169,27.186,27.186,27.221,27.29,27.29,27.29,27.238,27.238,27.203,27.186,27.134,27.03,26.926,26.961,26.926,26.909,26.891,26.874,26.874,26.909,26.909,26.891,26.874,26.822,26.839,26.874,26.856,26.874,26.891,26.943,26.978,26.995,26.995,26.995,26.978,26.978,26.995,27.013,27.047,27.134,27.842,29.465,30.511,30.729,30.645,30.393,29.533,27.894,27.687,27.618,27.601,27.618,27.601,27.549,27.549,27.549,27.67,27.704,27.704,27.739,27.825,27.842,27.825,27.808,27.79,27.79,27.739,27.67,27.653,27.532,27.463,27.497,27.497,27.601,27.67,27.704,27.79,27.825,28.117,28.528,29.6,30.09,30.09,30.073,29.922,29.176,28.134,27.842,27.773,27.704,27.635,27.601,27.584,27.635,27.67,27.635,27.67,27.653,27.704,27.704,27.721,27.756,27.79,27.825,27.842,27.825,27.808,27.79,27.79,27.825,27.859,27.945,28.014,28.117,28.391,28.477,28.528,28.511,28.528,28.597,28.597,28.562,28.545,28.528,28.511,28.494,28.374,28.357,28.323,28.289,28.237,28.186,28.1,28.014,28.014,28.048,27.945,27.962,27.876,27.842,27.808,27.808,27.825,27.859,27.911,27.894,28.031,27.997,28.048,28.031,28.083,28.117,28.083,28.048,28.048,28.048,28.031
,28.528,28.631,28.699,28.767,28.819,28.887,28.972,28.989,28.989,29.006,28.972,28.938,28.904,28.87,28.784,28.733,28.699,28.562,28.494,28.477,28.46,28.374,28.271,28.134,28.134,28.117,28.117,28.168,28.151,28.134,28.117,28.117,28.083,28.065,28.031,27.98,27.945,27.945,27.945,27.928,27.928,27.928,27.928,27.911,27.911,27.911,27.911,27.894,27.876,27.876,27.825,27.79,27.79,27.808,27.842,27.876,27.911,27.98,28.1,28.151,28.186,28.237,28.203,28.134,28.168,28.151,28.1,28.168,27.962,27.876,27.859,27.842,27.808,27.825,27.756,27.721,27.704,27.67,27.618,27.584,27.566,27.566,27.514,27.514,27.532,27.532,27.532,27.532,27.532,27.532,27.566,27.463,27.463,27.497,27.514,27.635,27.721,27.808,27.842,27.825,27.859,27.859,27.911,27.911,27.876,27.928,27.962,27.945,27.928,27.928,27.928,27.894,27.911,27.911,28.014,28.031,28.083,28.134,28.1,28.083,28.134,28.117,28.1,28.117,28.117,28.083,28.031,27.945,27.928,27.876,27.842,27.842,27.79,27.79,27.808,27.808,27.756,27.79,27.739,27.687,27.653,27.635,27.549,27.445,27.411,27.359,27.324,27.29,27.273,27.307,27.324,27.29,27.238,27.238,27.238,27.255,27.273,27.203,27.203,27.203,27.169,27.186,27.134,27.151,27.169,27.186,27.255,27.273,27.238,27.255,27.238,27.221,27.186,27.151,27.065,26.961,26.943,26.943,26.909,26.891,26.909,26.909,26.943,26.909,26.891,26.856,26.822,26.822,26.822,26.822,26.839,26.856,26.874,26.909,26.926,26.943,26.943,26.961,26.943,26.978,26.995,27.03,27.186,28.151,29.82,30.427,30.712,30.645,30.09,28.784,27.825,27.618,27.618,27.584,27.566,27.601,27.549,27.584,27.601,27.549,27.687,27.687,27.704,27.756,27.79,27.825,27.773,27.808,27.773,27.721,27.704,27.618,27.601,27.48,27.497,27.514,27.601,27.653,27.721,27.808,27.911,28.374,29.04,29.837,30.191,30.141,30.04,29.702,28.955,28.117,27.773,27.721,27.79,27.653,27.653,27.635,27.618,27.635,27.67,27.67,27.653,27.67,27.721,27.653,27.704,27.79,27.808,27.825,27.825,27.808,27.808,27.808,27.859,27.894,27.928,28.065,28.151,28.323,28.391,28.426,28.477,28.545,28.545,28.511,28.528,28.562,28.58,28.511,28.426,28.408,28.34,28.306,28.237,28.151,28.117,28.083,27.962,27.894,27.945,27.945,27.842,27.859,27.825,27.859,27.859,27.842,27.876,27.945,27.997,28.014,28.031,28.048,28.065,28.117,28.134,28.134,28.151,28.048,28.031,28.065
,28.477,28.58,28.665,28.784,28.887,28.819,28.921,28.955,28.972,28.972,28.955,28.904,28.87,28.87,28.801,28.767,28.699,28.58,28.494,28.494,28.443,28.289,28.186,28.168,28.134,28.134,28.168,28.168,28.151,28.151,28.151,28.134,28.083,28.048,28.014,27.98,27.928,27.945,27.911,27.894,27.911,27.894,27.894,27.911,27.894,27.876,27.876,27.859,27.859,27.842,27.859,27.825,27.79,27.825,27.825,27.894,27.945,28.014,28.134,28.186,28.203,28.237,28.22,28.151,28.186,28.186,28.117,28.117,28.048,27.859,27.859,27.842,27.808,27.79,27.739,27.739,27.67,27.618,27.618,27.601,27.584,27.549,27.532,27.532,27.532,27.532,27.514,27.48,27.463,27.463,27.48,27.428,27.428,27.445,27.584,27.67,27.756,27.808,27.825,27.825,27.842,27.859,27.859,27.876,27.894,27.911,27.945,27.928,27.945,27.911,27.894,27.911,27.911,27.911,28.031,28.031,28.083,28.117,28.1,28.1,28.168,28.134,28.117,28.134,28.117,28.083,28.031,27.945,27.945,27.894,27.842,27.825,27.739,27.739,27.773,27.773,27.756,27.773,27.756,27.721,27.67,27.566,27.48,27.445,27.394,27.359,27.342,27.273,27.29,27.29,27.307,27.273,27.221,27.238,27.238,27.221,27.255,27.221,27.169,27.134,27.151,27.169,27.099,27.117,27.151,27.169,27.238,27.238,27.221,27.221,27.238,27.255,27.203,27.151,27.013,26.961,26.961,26.909,26.909,26.891,26.926,26.926,26.961,26.943,26.926,26.891,26.822,26.804,26.822,26.804,26.822,26.839,26.856,26.909,26.891,26.926,26.961,26.961,26.961,26.995,26.995,27.013,27.324,28.58,30.259,30.612,30.712,30.662,30.023,28.528,27.842,27.618,27.601,27.601,27.549,27.549,27.514,27.532,27.618,27.635,27.67,27.704,27.756,27.773,27.842,27.842,27.808,27.825,27.756,27.756,27.687,27.618,27.584,27.532,27.532,27.532,27.601,27.635,27.704,27.79,27.997,28.733,29.736,30.158,30.175,30.09,29.803,29.125,28.289,27.945,27.825,27.687,27.635,27.584,27.618,27.584,27.601,27.687,27.635,27.67,27.687,27.687,27.67,27.635,27.721,27.773,27.773,27.79,27.808,27.808,27.808,27.808,27.842,27.894,27.962,28.1,28.186,28.22,28.289,28.357,28.443,28.494,28.528,28.562,28.562,28.562,28.562,28.511,28.46,28.391,28.34,28.306,28.237,28.151,28.083,28.014,27.894,27.842,27.911,27.962,27.842,27.859,27.825,27.842,27.876,27.894,27.911,27.928,27.945,27.98,28.031,28.031,28.031,28.014,28.014,28.014,28.048,28.031,28.048,28.048
,28.494,28.58,28.682,28.801,28.87,28.87,28.955,28.989,28.989,28.989,28.955,28.921,28.887,28.87,28.784,28.716,28.665,28.58,28.528,28.494,28.443,28.323,28.203,28.203,28.186,28.151,28.168,28.134,28.117,28.117,28.117,28.117,28.083,28.048,27.98,27.945,27.945,27.928,27.911,27.945,27.928,27.911,27.911,27.911,27.894,27.894,27.928,27.911,27.808,27.842,27.825,27.825,27.79,27.756,27.79,27.825,27.945,28.065,28.186,28.22,28.22,28.237,28.22,28.168,28.186,28.186,28.151,28.065,28.031,27.825,27.825,27.808,27.79,27.808,27.842,27.739,27.67,27.635,27.635,27.618,27.584,27.566,27.549,27.549,27.549,27.532,27.497,27.497,27.497,27.48,27.463,27.463,27.48,27.48,27.514,27.618,27.704,27.79,27.808,27.808,27.842,27.859,27.876,27.876,27.876,27.928,27.945,27.945,27.945,27.894,27.876,27.911,27.894,27.928,28.031,28.048,28.065,28.134,28.117,28.134,28.168,28.083,28.151,28.1,28.117,28.065,28.031,27.98,27.928,27.876,27.842,27.808,27.773,27.67,27.721,27.739,27.773,27.773,27.756,27.721,27.67,27.566,27.497,27.445,27.342,27.359,27.342,27.29,27.307,27.273,27.273,27.238,27.221,27.238,27.238,27.238,27.255,27.203,27.169,27.134,27.099,27.134,27.117,27.117,27.117,27.169,27.221,27.221,27.221,27.186,27.186,27.238,27.203,27.134,26.995,26.943,26.943,26.891,26.891,26.891,26.926,26.943,26.961,26.926,26.926,26.856,26.804,26.804,26.804,26.804,26.822,26.822,26.839,26.891,26.891,26.909,26.909,26.943,26.961,27.03,27.047,27.065,27.584,29.074,30.343,30.662,30.679,30.561,29.77,28.117,27.79,27.653,27.601,27.584,27.549,27.532,27.566,27.549,27.566,27.566,27.635,27.635,27.756,27.859,27.842,27.859,27.842,27.825,27.756,27.739,27.721,27.618,27.549,27.549,27.549,27.584,27.618,27.653,27.704,27.773,28.134,29.227,30.006,30.158,30.141,30.04,29.6,28.733,28.014,27.842,27.721,27.704,27.618,27.618,27.601,27.601,27.601,27.67,27.635,27.67,27.653,27.653,27.653,27.67,27.687,27.739,27.756,27.756,27.773,27.79,27.808,27.808,27.842,27.894,28.014,28.065,28.168,28.254,28.374,28.391,28.408,28.494,28.511,28.528,28.562,28.58,28.58,28.545,28.477,28.426,28.374,28.323,28.237,28.134,28.065,27.962,27.894,27.825,27.894,27.911,27.894,27.894,27.859,27.876,27.894,27.894,27.911,27.962,27.962,28.031,28.031,28.048,28.031,27.997,27.98,27.997,28.117,27.997,28.014,28.065
,28.528,28.614,28.716,28.819,28.819,28.921,28.972,28.972,28.972,28.972,28.955,28.921,28.904,28.87,28.836,28.716,28.631,28.58,28.477,28.408,28.323,28.237,28.237,28.186,28.22,28.168,28.186,28.151,28.134,28.134,28.1,28.065,28.065,28.048,27.98,27.945,27.928,27.911,27.911,27.928,27.928,27.928,27.928,27.928,27.894,27.876,27.945,27.98,27.894,27.842,27.859,27.773,27.773,27.756,27.808,27.859,27.928,28.031,28.151,28.168,28.168,28.203,28.203,28.168,28.134,28.134,28.1,27.997,27.876,27.825,27.79,27.79,27.79,27.808,27.842,27.721,27.67,27.687,27.653,27.601,27.566,27.566,27.566,27.549,27.532,27.514,27.497,27.497,27.497,27.463,27.463,27.445,27.428,27.48,27.514,27.584,27.721,27.756,27.808,27.808,27.859,27.859,27.876,27.894,27.859,27.894,27.945,27.911,27.911,27.859,27.876,27.928,27.894,27.98,28.014,28.048,28.083,28.151,28.134,28.134,28.186,28.117,28.186,28.134,28.1,28.065,28.048,28.014,27.876,27.842,27.825,27.825,27.721,27.67,27.67,27.721,27.739,27.773,27.756,27.721,27.704,27.635,27.48,27.445,27.359,27.359,27.359,27.29,27.29,27.255,27.238,27.238,27.238,27.273,27.255,27.255,27.273,27.169,27.151,27.117,27.082,27.099,27.134,27.099,27.099,27.151,27.186,27.186,27.186,27.151,27.151,27.186,27.186,27.134,27.03,26.961,26.926,26.891,26.891,26.926,26.926,26.943,26.943,26.926,26.891,26.839,26.787,26.77,26.822,26.804,26.839,26.839,26.856,26.856,26.856,26.874,26.909,26.926,26.909,27.013,27.013,27.047,27.842,29.702,30.393,30.712,30.729,30.376,29.142,27.894,27.721,27.618,27.584,27.566,27.549,27.549,27.566,27.549,27.532,27.549,27.635,27.635,27.773,27.808,27.859,27.894,27.842,27.876,27.756,27.739,27.704,27.618,27.549,27.549,27.549,27.601,27.635,27.67,27.704,27.894,28.682,29.685,30.124,30.158,30.158,29.888,29.006,28.1,27.842,27.773,27.756,27.721,27.653,27.618,27.549,27.566,27.601,27.635,27.704,27.67,27.687,27.67,27.653,27.687,27.653,27.687,27.721,27.721,27.739,27.773,27.808,27.825,27.876,27.894,28.014,28.1,28.186,28.22,28.306,28.408,28.408,28.443,28.477,28.494,28.545,28.58,28.528,28.511,28.46,28.443,28.374,28.323,28.271,28.168,28.048,27.911,27.859,27.825,27.825,27.876,27.825,27.842,27.808,27.842,27.876,27.876,27.945,27.98,27.98,28.014,27.997,28.031,28.031,28.014,28.031,28.065,28.117,28.048,28.031,28.048
,28.494,28.58,28.716,28.836,28.836,28.887,28.972,28.938,28.955,28.955,28.938,28.921,28.904,28.887,28.801,28.682,28.665,28.545,28.443,28.357,28.306,28.254,28.151,28.151,28.186,28.186,28.151,28.134,28.117,28.1,28.065,28.048,28.031,27.997,27.98,27.98,27.945,27.945,27.911,27.894,27.911,27.928,27.928,27.911,27.98,27.98,27.894,27.962,27.859,27.842,27.79,27.739,27.756,27.739,27.808,27.894,27.945,28.048,28.134,28.151,28.151,28.168,28.168,28.117,28.031,27.997,27.962,27.911,27.808,27.808,27.756,27.756,27.808,27.773,27.842,27.756,27.687,27.653,27.635,27.566,27.584,27.532,27.48,27.48,27.48,27.48,27.463,27.48,27.48,27.48,27.497,27.48,27.48,27.497,27.463,27.497,27.67,27.739,27.756,27.79,27.842,27.894,27.859,27.894,27.859,27.894,27.911,27.894,27.894,27.876,27.859,27.894,27.859,27.894,27.928,28.083,28.1,28.151,28.134,28.134,28.186,28.134,28.151,28.134,28.1,28.031,28.014,27.997,27.876,27.842,27.773,27.773,27.704,27.704,27.653,27.721,27.704,27.739,27.739,27.721,27.687,27.618,27.463,27.445,27.428,27.394,27.376,27.324,27.307,27.221,27.221,27.238,27.238,27.273,27.255,27.221,27.221,27.169,27.117,27.099,27.099,27.099,27.117,27.099,27.117,27.117,27.134,27.203,27.186,27.134,27.186,27.151,27.186,27.117,26.995,26.961,26.909,26.891,26.891,26.909,26.909,26.926,26.926,26.909,26.874,26.822,26.787,26.77,26.822,26.839,26.856,26.874,26.891,26.874,26.874,26.891,26.909,26.943,26.926,27.013,26.995,27.082,28.048,30.057,30.645,30.679,30.645,30.175,28.784,27.808,27.773,27.601,27.514,27.514,27.532,27.532,27.532,27.514,27.532,27.566,27.67,27.653,27.739,27.808,27.911,27.894,27.859,27.859,27.756,27.756,27.721,27.618,27.566,27.566,27.549,27.584,27.635,27.67,27.721,28.117,29.176,29.938,30.09,30.107,30.09,29.583,28.614,27.945,27.808,27.773,27.721,27.687,27.635,27.566,27.566,27.549,27.584,27.584,27.618,27.635,27.653,27.653,27.635,27.618,27.635,27.653,27.687,27.721,27.739,27.756,27.808,27.825,27.859,27.876,27.997,28.083,28.186,28.22,28.254,28.34,28.408,28.426,28.494,28.528,28.545,28.562,28.494,28.545,28.477,28.426,28.374,28.306,28.254,28.168,28.065,27.928,27.876,27.945,27.842,27.911,27.859,27.859,27.894,27.894,27.894,27.911,27.945,27.962,27.962,27.997,27.997,27.997,27.997,27.997,28.014,28.1,28.048,28.031,28.1,28.1
,28.494,28.58,28.699,28.801,28.87,28.87,28.938,28.972,28.989,28.938,28.938,28.955,28.921,28.819,28.784,28.665,28.597,28.46,28.46,28.374,28.323,28.289,28.22,28.186,28.168,28.151,28.117,28.117,28.117,28.083,28.065,28.048,28.014,27.962,27.962,27.997,28.014,28.031,27.945,27.928,27.928,27.928,27.928,27.911,27.859,27.825,27.859,27.859,27.825,27.79,27.773,27.739,27.721,27.721,27.773,27.876,27.962,28.014,27.997,28.048,28.117,28.151,28.168,28.1,27.98,27.945,27.911,27.945,27.859,27.808,27.721,27.721,27.756,27.756,27.825,27.773,27.704,27.635,27.601,27.549,27.532,27.497,27.445,27.463,27.445,27.463,27.445,27.463,27.48,27.497,27.497,27.463,27.463,27.463,27.428,27.532,27.618,27.687,27.721,27.756,27.808,27.842,27.859,27.825,27.825,27.859,27.859,27.859,27.842,27.859,27.79,27.842,27.876,27.842,27.876,27.997,28.1,28.151,28.134,28.083,28.117,28.1,28.1,28.1,28.065,28.048,28.014,27.98,27.894,27.825,27.773,27.739,27.739,27.67,27.635,27.687,27.687,27.721,27.721,27.704,27.653,27.601,27.48,27.428,27.428,27.394,27.376,27.359,27.307,27.238,27.255,27.238,27.221,27.238,27.238,27.186,27.169,27.169,27.099,27.099,27.117,27.082,27.117,27.117,27.134,27.117,27.134,27.169,27.203,27.186,27.203,27.169,27.117,27.082,27.013,26.961,26.909,26.874,26.856,26.856,26.891,26.891,26.909,26.891,26.856,26.787,26.822,26.839,26.822,26.822,26.839,26.856,26.856,26.856,26.891,26.874,26.874,26.891,26.961,27.013,27.082,27.497,28.972,30.511,30.712,30.712,30.528,29.651,27.945,27.739,27.618,27.584,27.549,27.48,27.549,27.566,27.532,27.549,27.549,27.584,27.704,27.704,27.79,27.842,27.911,27.894,27.876,27.825,27.756,27.739,27.773,27.601,27.584,27.566,27.514,27.532,27.584,27.635,27.911,28.562,29.448,29.989,30.073,30.057,29.922,29.159,28.203,27.98,27.808,27.721,27.67,27.601,27.584,27.549,27.532,27.532,27.514,27.618,27.635,27.601,27.601,27.601,27.601,27.584,27.601,27.653,27.687,27.739,27.756,27.773,27.808,27.808,27.859,27.894,27.997,28.065,28.237,28.22,28.271,28.374,28.408,28.408,28.46,28.494,28.477,28.494,28.477,28.46,28.46,28.374,28.323,28.271,28.254,28.186,28.065,27.962,27.911,27.962,27.911,27.894,27.859,27.859,27.894,27.894,27.859,27.894,27.945,27.98,27.962,27.962,27.997,27.997,27.98,28.031,28.151,28.1,28.048,28.014,28.065,28.1
,28.528,28.665,28.75,28.819,28.887,28.87,28.921,29.023,29.006,28.972,28.955,28.955,28.887,28.801,28.938,28.836,28.665,28.443,28.426,28.357,28.271,28.271,28.237,28.168,28.151,28.134,28.117,28.1,28.1,28.048,28.048,28.048,27.997,27.962,27.98,27.962,28.048,28.014,27.928,27.928,27.911,27.928,27.945,27.894,27.825,27.79,27.808,27.842,27.842,27.825,27.808,27.721,27.687,27.704,27.756,27.79,27.842,27.98,28.014,28.065,28.134,28.151,28.151,28.134,28.1,28.048,28.014,27.962,27.876,27.842,27.756,27.721,27.721,27.704,27.721,27.739,27.67,27.601,27.584,27.549,27.497,27.48,27.445,27.428,27.428,27.428,27.411,27.445,27.463,27.463,27.463,27.445,27.445,27.445,27.463,27.497,27.549,27.635,27.704,27.721,27.756,27.756,27.825,27.859,27.859,27.808,27.842,27.842,27.825,27.79,27.773,27.808,27.842,27.911,27.928,27.997,28.1,28.1,28.083,28.1,28.031,28.065,28.065,28.031,28.014,27.98,27.997,27.928,27.894,27.842,27.773,27.721,27.704,27.618,27.67,27.653,27.687,27.721,27.704,27.687,27.67,27.566,27.497,27.445,27.376,27.376,27.342,27.324,27.273,27.273,27.255,27.238,27.238,27.221,27.203,27.221,27.151,27.151,27.134,27.117,27.151,27.134,27.151,27.134,27.134,27.151,27.151,27.186,27.203,27.203,27.221,27.169,27.065,27.013,26.978,26.961,26.926,26.856,26.822,26.856,26.874,26.874,26.874,26.891,26.856,26.822,26.804,26.804,26.804,26.822,26.839,26.839,26.856,26.874,26.891,26.891,26.909,26.926,26.978,27.03,27.047,27.653,29.38,30.393,30.679,30.695,30.427,29.448,27.945,27.67,27.549,27.514,27.48,27.514,27.566,27.532,27.497,27.497,27.497,27.635,27.67,27.756,27.825,27.876,27.894,27.894,27.876,27.859,27.79,27.756,27.756,27.584,27.566,27.532,27.514,27.514,27.601,27.653,28.186,29.227,29.871,30.073,30.073,30.006,29.397,28.511,28.083,27.825,27.721,27.739,27.601,27.601,27.566,27.514,27.532,27.497,27.532,27.584,27.618,27.601,27.566,27.618,27.601,27.601,27.618,27.635,27.687,27.721,27.739,27.808,27.79,27.756,27.842,27.876,27.997,28.031,28.117,28.151,28.22,28.289,28.34,28.374,28.408,28.443,28.443,28.443,28.46,28.426,28.391,28.357,28.306,28.237,28.186,28.134,27.997,27.945,27.962,27.808,27.859,27.859,27.894,27.911,27.894,27.876,27.825,27.859,28.014,28.1,28.014,27.997,27.98,27.98,27.997,28.014,28.1,28.186,28.083,28.083,28.014,28.048
,28.545,28.682,28.784,28.853,28.887,28.853,28.955,28.989,28.972,28.955,28.921,28.921,28.853,28.767,28.836,28.801,28.562,28.528,28.477,28.34,28.323,28.289,28.168,28.117,28.168,28.117,28.1,28.065,28.048,28.048,28.031,28.014,27.98,27.98,27.997,27.945,28.014,27.997,27.894,27.928,27.911,27.911,27.876,27.808,27.79,27.79,27.79,27.825,27.842,27.808,27.739,27.687,27.687,27.687,27.739,27.808,27.894,27.962,28.048,28.083,28.117,28.134,28.117,28.117,28.117,28.1,28.083,27.997,27.859,27.825,27.79,27.704,27.721,27.67,27.67,27.687,27.618,27.584,27.549,27.514,27.48,27.48,27.428,27.411,27.394,27.394,27.394,27.428,27.445,27.445,27.445,27.428,27.394,27.411,27.411,27.463,27.549,27.601,27.653,27.687,27.704,27.773,27.825,27.842,27.808,27.79,27.773,27.773,27.79,27.808,27.704,27.739,27.825,27.945,28.014,28.031,28.065,28.1,28.083,28.065,27.98,27.962,27.962,27.997,28.014,27.928,27.962,27.911,27.911,27.825,27.756,27.704,27.687,27.618,27.67,27.67,27.687,27.721,27.704,27.67,27.687,27.566,27.497,27.445,27.394,27.359,27.342,27.307,27.29,27.29,27.273,27.255,27.255,27.221,27.169,27.186,27.151,27.151,27.169,27.151,27.151,27.203,27.186,27.151,27.151,27.169,27.169,27.221,27.203,27.203,27.203,27.134,27.065,27.03,26.978,26.943,26.926,26.856,26.839,26.839,26.839,26.856,26.856,26.856,26.839,26.804,26.804,26.787,26.77,26.822,26.822,26.839,26.874,26.891,26.909,26.909,26.909,26.961,27.013,27.03,27.099,27.859,29.837,30.578,30.679,30.612,29.938,28.168,27.997,27.687,27.566,27.48,27.463,27.428,27.463,27.514,27.428,27.48,27.463,27.549,27.67,27.704,27.721,27.842,27.876,27.894,27.894,27.876,27.808,27.773,27.739,27.618,27.566,27.532,27.532,27.532,27.704,27.773,28.511,29.465,29.922,30.057,30.04,29.888,29.159,28.203,27.997,27.876,27.704,27.635,27.584,27.549,27.549,27.532,27.514,27.532,27.514,27.532,27.584,27.584,27.566,27.601,27.618,27.618,27.635,27.635,27.653,27.687,27.704,27.773,27.739,27.773,27.773,27.859,27.945,28.048,28.1,28.151,28.186,28.254,28.323,28.374,28.408,28.391,28.443,28.408,28.391,28.391,28.357,28.34,28.289,28.203,28.134,28.083,28.014,27.894,27.997,27.79,27.79,27.876,27.894,27.894,27.859,27.876,27.911,27.876,27.859,27.859,27.997,27.997,27.962,27.997,28.014,27.997,28.1,28.1,28.048,28.065,28.048,28.048
,28.374,28.58,28.699,28.75,28.819,28.853,28.938,28.938,28.938,28.904,28.87,28.904,28.87,28.801,28.767,28.716,28.58,28.545,28.408,28.374,28.306,28.237,28.203,28.134,28.083,28.083,28.048,27.997,27.98,28.065,27.997,27.945,27.928,27.962,27.997,27.962,27.962,27.945,27.859,27.894,27.894,27.911,27.842,27.808,27.79,27.79,27.79,27.808,27.79,27.773,27.739,27.704,27.67,27.687,27.773,27.79,27.876,27.928,27.997,28.031,28.1,28.151,28.117,28.083,28.083,28.083,28.031,27.962,27.876,27.825,27.773,27.704,27.704,27.653,27.653,27.653,27.653,27.566,27.532,27.532,27.463,27.445,27.394,27.394,27.359,27.394,27.411,27.428,27.428,27.411,27.394,27.359,27.359,27.376,27.394,27.445,27.497,27.549,27.635,27.67,27.756,27.773,27.756,27.808,27.842,27.808,27.79,27.756,27.721,27.704,27.687,27.756,27.825,27.894,27.997,28.031,28.031,28.031,28.031,27.98,27.928,27.928,27.945,27.945,27.98,27.911,27.894,27.876,27.876,27.756,27.704,27.687,27.67,27.67,27.67,27.687,27.687,27.739,27.704,27.67,27.67,27.584,27.497,27.394,27.376,27.342,27.307,27.273,27.29,27.273,27.273,27.255,27.203,27.203,27.169,27.169,27.169,27.169,27.169,27.169,27.151,27.186,27.203,27.169,27.169,27.151,27.169,27.203,27.203,27.203,27.169,27.134,27.082,27.082,26.995,26.961,26.926,26.874,26.856,26.839,26.839,26.856,26.874,26.856,26.856,26.839,26.822,26.787,26.787,26.804,26.822,26.839,26.891,26.874,26.909,26.926,26.943,26.995,27.065,27.134,27.238,28.254,30.477,30.662,30.645,30.544,29.871,28.065,27.842,27.739,27.601,27.428,27.48,27.428,27.411,27.463,27.48,27.48,27.497,27.601,27.653,27.67,27.67,27.739,27.859,27.911,27.894,27.825,27.825,27.756,27.721,27.601,27.566,27.532,27.514,27.584,27.687,28.031,29.091,29.854,29.955,30.023,30.057,29.533,28.58,27.98,27.79,27.635,27.67,27.601,27.549,27.532,27.532,27.514,27.532,27.48,27.549,27.566,27.584,27.584,27.584,27.601,27.618,27.635,27.653,27.653,27.67,27.67,27.687,27.704,27.704,27.739,27.842,27.911,27.962,27.997,28.083,28.186,28.254,28.271,28.289,28.357,28.391,28.426,28.477,28.408,28.408,28.408,28.374,28.34,28.254,28.186,28.134,28.1,28.031,27.911,27.842,27.842,27.859,27.842,27.842,27.842,27.825,27.808,27.859,27.859,27.894,27.876,27.945,27.997,27.945,27.962,28.014,27.98,28.168,27.962,27.98,27.98,28.031,28.065
,28.408,28.443,28.545,28.716,28.836,28.87,28.887,28.904,28.938,28.87,28.853,28.87,28.853,28.801,28.75,28.682,28.528,28.494,28.443,28.391,28.271,28.203,28.168,28.117,28.1,28.117,28.1,28.048,28.031,28.048,28.031,27.997,27.928,27.911,27.962,27.98,27.928,27.842,27.842,27.808,27.859,27.859,27.859,27.842,27.825,27.808,27.808,27.808,27.808,27.756,27.721,27.687,27.687,27.704,27.773,27.808,27.859,27.928,28.083,28.083,28.083,28.1,28.048,27.997,27.997,27.997,27.98,27.98,27.894,27.842,27.773,27.721,27.687,27.67,27.618,27.618,27.687,27.549,27.532,27.532,27.48,27.428,27.376,27.394,27.394,27.394,27.394,27.411,27.411,27.376,27.342,27.324,27.342,27.359,27.394,27.48,27.532,27.549,27.635,27.704,27.739,27.79,27.859,27.773,27.825,27.825,27.808,27.79,27.687,27.67,27.704,27.808,27.825,27.859,27.997,27.997,28.031,27.997,27.962,27.928,27.876,27.876,27.876,27.876,27.894,27.842,27.825,27.808,27.859,27.721,27.687,27.687,27.687,27.687,27.721,27.721,27.721,27.756,27.687,27.67,27.635,27.584,27.532,27.359,27.307,27.307,27.273,27.255,27.255,27.238,27.255,27.238,27.203,27.186,27.186,27.169,27.169,27.169,27.169,27.151,27.134,27.186,27.134,27.151,27.186,27.169,27.169,27.169,27.203,27.186,27.169,27.134,27.047,27.047,26.978,26.943,26.943,26.909,26.856,26.856,26.856,26.856,26.874,26.856,26.874,26.874,26.856,26.822,26.839,26.839,26.839,26.856,26.891,26.909,26.909,26.926,26.995,26.978,27.03,27.117,27.635,29.38,30.494,30.662,30.662,30.444,29.533,27.98,27.601,27.566,27.601,27.532,27.428,27.463,27.428,27.411,27.445,27.463,27.48,27.549,27.532,27.601,27.67,27.756,27.808,27.894,27.859,27.773,27.79,27.721,27.67,27.601,27.566,27.566,27.549,27.618,27.808,28.562,29.566,30.057,30.057,30.04,29.803,29.023,28.203,27.894,27.687,27.635,27.653,27.601,27.532,27.566,27.514,27.532,27.532,27.463,27.549,27.532,27.566,27.584,27.584,27.618,27.653,27.67,27.653,27.635,27.653,27.67,27.67,27.687,27.721,27.756,27.842,27.911,27.928,28.014,28.065,28.151,28.22,28.22,28.271,28.374,28.443,28.494,28.511,28.443,28.408,28.357,28.357,28.34,28.254,28.186,28.151,28.065,27.962,27.859,27.825,27.756,27.79,27.79,27.79,27.79,27.773,27.773,27.79,27.825,27.842,27.911,27.928,27.945,27.962,27.98,27.997,27.928,28.083,27.945,27.98,27.98,27.997,28.048
,28.46,28.477,28.648,28.665,28.75,28.904,28.904,28.836,28.921,28.887,28.836,28.836,28.784,28.733,28.716,28.631,28.511,28.426,28.443,28.374,28.271,28.22,28.203,28.151,28.134,28.083,28.048,28.048,27.962,27.98,27.945,27.945,27.928,27.911,27.928,27.945,27.911,27.808,27.876,27.808,27.825,27.825,27.859,27.859,27.859,27.842,27.825,27.808,27.79,27.756,27.721,27.67,27.687,27.739,27.825,27.911,27.859,27.98,28.065,28.1,28.083,28.031,28.014,27.962,27.945,27.928,27.945,27.98,27.928,27.842,27.773,27.704,27.687,27.67,27.618,27.618,27.653,27.549,27.497,27.514,27.48,27.428,27.411,27.411,27.428,27.394,27.394,27.411,27.359,27.359,27.342,27.29,27.273,27.324,27.394,27.463,27.514,27.584,27.635,27.67,27.721,27.773,27.773,27.808,27.825,27.825,27.773,27.825,27.756,27.721,27.739,27.773,27.825,27.945,27.997,27.997,27.98,27.962,27.928,27.894,27.825,27.842,27.859,27.825,27.808,27.808,27.842,27.756,27.825,27.67,27.67,27.704,27.687,27.739,27.756,27.756,27.739,27.739,27.687,27.653,27.601,27.549,27.532,27.342,27.273,27.273,27.29,27.273,27.238,27.238,27.238,27.255,27.238,27.221,27.203,27.186,27.169,27.151,27.151,27.117,27.134,27.203,27.117,27.186,27.186,27.169,27.134,27.134,27.151,27.169,27.151,27.151,27.013,27.03,26.995,26.961,26.926,26.909,26.874,26.856,26.856,26.856,26.874,26.839,26.856,26.856,26.874,26.909,26.874,26.874,26.909,26.909,26.909,26.909,26.891,26.943,26.978,27.03,27.082,27.203,27.928,29.583,30.544,30.679,30.662,30.225,28.716,27.687,27.635,27.67,27.532,27.514,27.497,27.428,27.463,27.428,27.463,27.463,27.445,27.532,27.566,27.584,27.721,27.756,27.79,27.859,27.808,27.756,27.739,27.704,27.635,27.601,27.549,27.601,27.566,27.618,28.048,29.125,29.905,30.073,30.141,30.04,29.668,29.125,28.391,27.756,27.721,27.67,27.601,27.566,27.549,27.514,27.549,27.463,27.463,27.463,27.497,27.497,27.549,27.601,27.618,27.653,27.67,27.687,27.687,27.653,27.653,27.67,27.687,27.704,27.739,27.721,27.808,27.911,27.98,28.014,28.065,28.134,28.237,28.289,28.289,28.357,28.443,28.545,28.58,28.511,28.408,28.374,28.323,28.306,28.254,28.186,28.151,28.031,27.928,27.842,27.911,27.825,27.756,27.756,27.739,27.773,27.825,27.808,27.773,27.825,27.859,27.894,27.928,27.928,27.928,27.962,27.997,27.928,27.928,27.945,27.997,28.014,28.031,28.048
,28.443,28.477,28.562,28.716,28.819,28.87,28.904,28.955,28.972,28.836,28.819,28.801,28.75,28.716,28.682,28.614,28.528,28.34,28.443,28.374,28.289,28.22,28.168,28.151,28.117,28.065,28.048,27.997,27.962,27.962,27.928,27.894,27.894,27.894,27.894,27.911,27.911,27.894,27.876,27.808,27.825,27.825,27.825,27.876,27.894,27.859,27.842,27.808,27.79,27.756,27.721,27.687,27.687,27.739,27.756,27.962,28.031,28.031,28.031,28.048,28.031,28.031,28.014,27.962,27.962,27.945,27.928,27.962,27.962,27.859,27.808,27.704,27.687,27.687,27.653,27.618,27.635,27.549,27.514,27.514,27.48,27.428,27.411,27.394,27.411,27.411,27.376,27.428,27.376,27.324,27.29,27.273,27.255,27.324,27.428,27.497,27.549,27.618,27.687,27.704,27.756,27.859,27.859,27.876,27.859,27.859,27.842,27.825,27.859,27.894,27.876,27.894,27.876,27.928,27.945,28.014,27.962,27.945,27.911,27.825,27.808,27.773,27.79,27.739,27.739,27.739,27.808,27.773,27.739,27.687,27.67,27.704,27.721,27.739,27.756,27.773,27.721,27.704,27.635,27.618,27.584,27.514,27.463,27.342,27.273,27.29,27.255,27.273,27.238,27.255,27.255,27.255,27.255,27.238,27.238,27.221,27.203,27.151,27.151,27.117,27.134,27.151,27.221,27.169,27.134,27.151,27.117,27.134,27.134,27.186,27.134,27.117,27.03,26.995,26.961,26.961,26.926,26.891,26.891,26.874,26.891,26.874,26.874,26.891,26.874,26.891,26.961,26.961,26.943,26.978,26.909,26.909,26.978,26.943,26.995,27.047,27.169,27.151,27.186,27.428,28.614,30.376,30.494,30.662,30.511,29.837,27.997,27.584,27.566,27.618,27.549,27.463,27.463,27.463,27.48,27.411,27.428,27.445,27.445,27.532,27.687,27.618,27.808,27.756,27.808,27.842,27.79,27.773,27.756,27.687,27.618,27.566,27.532,27.549,27.532,27.721,28.819,29.803,30.04,30.04,30.073,29.905,29.227,28.374,27.894,27.756,27.704,27.635,27.584,27.566,27.566,27.549,27.532,27.497,27.48,27.463,27.497,27.514,27.566,27.601,27.635,27.653,27.635,27.618,27.67,27.67,27.618,27.67,27.653,27.67,27.704,27.773,27.842,27.876,27.945,27.997,28.065,28.151,28.186,28.237,28.289,28.34,28.443,28.545,28.545,28.528,28.46,28.391,28.306,28.306,28.271,28.203,28.134,28.065,27.928,27.842,27.876,27.825,27.79,27.739,27.721,27.704,27.704,27.739,27.739,27.808,27.842,27.859,27.894,27.911,27.928,27.945,27.997,27.98,27.962,27.945,27.928,27.98,28.014,28.014
,28.408,28.511,28.528,28.631,28.75,28.767,28.716,28.819,28.87,28.87,28.836,28.784,28.716,28.699,28.665,28.597,28.511,28.34,28.357,28.426,28.323,28.203,28.168,28.134,28.1,28.083,28.065,28.031,27.962,27.945,27.928,27.945,27.928,27.894,27.894,27.928,27.911,27.911,27.876,27.825,27.859,27.808,27.825,27.876,27.876,27.876,27.842,27.825,27.808,27.756,27.721,27.704,27.704,27.704,27.756,27.876,27.962,28.048,28.031,28.014,28.031,28.048,27.997,27.997,28.065,28.1,28.014,27.945,27.911,27.808,27.739,27.704,27.704,27.687,27.67,27.653,27.618,27.532,27.549,27.532,27.514,27.411,27.394,27.359,27.394,27.394,27.411,27.48,27.411,27.342,27.273,27.255,27.29,27.394,27.463,27.532,27.584,27.635,27.739,27.79,27.808,27.876,27.911,27.911,27.894,27.894,27.911,27.876,27.894,27.859,27.859,27.945,27.962,27.962,27.894,27.945,27.911,27.876,27.825,27.825,27.756,27.721,27.704,27.704,27.739,27.739,27.739,27.721,27.687,27.773,27.756,27.756,27.756,27.739,27.773,27.79,27.79,27.721,27.653,27.635,27.584,27.48,27.428,27.359,27.342,27.29,27.255,27.255,27.255,27.255,27.273,27.255,27.273,27.273,27.238,27.238,27.221,27.186,27.169,27.134,27.169,27.169,27.203,27.151,27.134,27.151,27.117,27.134,27.151,27.186,27.134,27.082,27.03,26.978,26.978,26.961,26.943,26.943,26.909,26.874,26.891,26.874,26.891,26.891,26.909,26.943,26.995,27.013,26.978,26.995,26.978,26.995,26.961,26.995,27.047,27.03,27.117,27.134,27.134,27.704,29.566,30.528,30.578,30.595,30.444,29.448,27.739,27.566,27.532,27.532,27.566,27.514,27.48,27.445,27.445,27.394,27.394,27.376,27.411,27.532,27.618,27.618,27.79,27.773,27.808,27.825,27.825,27.79,27.79,27.704,27.635,27.601,27.549,27.566,27.704,28.168,29.244,30.006,30.107,30.09,30.057,29.668,28.819,28.065,27.756,27.687,27.687,27.653,27.584,27.566,27.584,27.532,27.532,27.514,27.48,27.48,27.532,27.549,27.566,27.601,27.618,27.618,27.618,27.618,27.635,27.653,27.635,27.635,27.67,27.739,27.687,27.825,27.808,27.876,27.945,27.962,28.048,28.151,28.22,28.254,28.306,28.374,28.46,28.545,28.494,28.511,28.494,28.408,28.306,28.271,28.254,28.168,28.083,27.997,27.928,27.894,27.876,27.842,27.808,27.808,27.773,27.704,27.687,27.739,27.756,27.79,27.842,27.859,27.894,27.928,27.945,27.962,27.98,27.997,27.98,27.997,27.894,27.911,27.962,27.997
,28.323,28.511,28.597,28.682,28.75,28.819,28.904,28.921,28.887,28.836,28.836,28.767,28.716,28.665,28.631,28.58,28.511,28.357,28.306,28.408,28.306,28.237,28.168,28.134,28.117,28.083,28.083,28.048,28.014,27.945,27.928,27.894,27.894,27.894,27.894,27.894,27.911,27.911,27.928,27.894,27.859,27.825,27.842,27.842,27.876,27.911,27.859,27.825,27.808,27.756,27.721,27.687,27.687,27.704,27.808,27.825,27.962,28.014,28.065,28.048,28.048,28.048,28.065,28.031,28.031,27.962,27.945,27.894,27.842,27.842,27.739,27.721,27.739,27.687,27.704,27.687,27.635,27.584,27.514,27.497,27.48,27.428,27.394,27.359,27.411,27.428,27.463,27.48,27.428,27.359,27.29,27.255,27.29,27.394,27.48,27.514,27.618,27.721,27.756,27.773,27.842,27.876,27.842,27.859,27.876,27.894,27.894,27.859,27.876,27.911,27.928,27.945,27.945,27.894,27.876,27.859,27.859,27.808,27.79,27.756,27.739,27.704,27.739,27.739,27.721,27.704,27.721,27.67,27.773,27.773,27.704,27.721,27.704,27.739,27.756,27.773,27.739,27.704,27.653,27.635,27.532,27.445,27.428,27.307,27.273,27.255,27.273,27.255,27.221,27.238,27.273,27.273,27.29,27.273,27.238,27.255,27.221,27.169,27.169,27.151,27.169,27.186,27.203,27.186,27.151,27.134,27.134,27.151,27.186,27.221,27.151,27.065,27.065,27.03,26.961,26.995,26.961,26.943,26.926,26.943,26.874,26.874,26.909,26.978,26.978,27.013,27.03,26.995,26.978,26.978,27.013,26.995,27.047,27.082,27.099,27.134,27.151,27.134,27.203,27.894,29.854,30.595,30.645,30.595,30.259,28.665,27.601,27.497,27.532,27.532,27.566,27.532,27.463,27.463,27.394,27.394,27.324,27.307,27.342,27.514,27.549,27.566,27.756,27.79,27.825,27.859,27.842,27.79,27.79,27.721,27.635,27.584,27.532,27.601,27.894,28.989,29.938,30.158,30.175,30.175,29.972,29.108,28.031,27.859,27.79,27.601,27.601,27.635,27.635,27.584,27.566,27.566,27.532,27.514,27.514,27.514,27.514,27.549,27.566,27.584,27.584,27.584,27.653,27.67,27.618,27.635,27.618,27.618,27.67,27.721,27.704,27.739,27.859,27.859,27.911,27.945,28.048,28.186,28.271,28.289,28.34,28.391,28.511,28.494,28.494,28.494,28.494,28.426,28.323,28.237,28.168,28.1,28.1,28.014,27.98,27.928,27.825,27.825,27.808,27.773,27.739,27.721,27.67,27.704,27.756,27.79,27.825,27.876,27.911,27.928,27.945,27.98,27.962,27.997,27.997,27.98,27.962,27.98,28.014,28.031
,28.323,28.494,28.631,28.699,28.819,28.921,28.972,28.989,28.887,28.87,28.784,28.784,28.733,28.699,28.665,28.614,28.511,28.34,28.408,28.306,28.254,28.237,28.186,28.151,28.134,28.083,28.048,28.1,28.1,27.962,28.014,27.98,27.911,27.894,27.911,27.894,27.894,27.945,27.911,27.928,27.894,27.876,27.842,27.825,27.859,27.894,27.859,27.842,27.808,27.773,27.739,27.704,27.704,27.721,27.825,27.876,27.962,28.048,28.065,28.065,28.065,28.065,28.065,28.031,27.98,27.945,27.945,27.876,27.825,27.808,27.773,27.756,27.773,27.721,27.739,27.67,27.618,27.566,27.497,27.497,27.48,27.411,27.411,27.376,27.428,27.463,27.463,27.48,27.411,27.359,27.307,27.29,27.342,27.411,27.463,27.514,27.618,27.704,27.721,27.773,27.825,27.859,27.876,27.876,27.894,27.894,27.876,27.911,27.928,27.928,27.928,27.945,27.911,27.876,27.894,27.842,27.808,27.773,27.721,27.756,27.721,27.739,27.704,27.704,27.687,27.721,27.721,27.687,27.704,27.67,27.721,27.704,27.739,27.739,27.721,27.756,27.687,27.721,27.635,27.584,27.514,27.359,27.48,27.29,27.255,27.273,27.273,27.273,27.238,27.255,27.255,27.255,27.273,27.273,27.255,27.273,27.221,27.186,27.186,27.169,27.186,27.203,27.238,27.169,27.134,27.151,27.186,27.203,27.221,27.238,27.169,27.065,27.065,27.03,26.995,26.978,26.995,26.978,26.909,26.995,26.943,26.943,26.961,27.03,27.03,27.013,27.03,27.03,27.013,27.013,27.013,27.047,27.082,27.065,27.047,27.117,27.186,27.203,27.394,28.374,30.461,30.645,30.645,30.578,30.057,28.151,27.635,27.497,27.514,27.514,27.497,27.497,27.428,27.445,27.342,27.307,27.255,27.273,27.307,27.48,27.584,27.566,27.687,27.808,27.825,27.859,27.859,27.808,27.79,27.739,27.67,27.601,27.549,27.67,28.083,29.176,30.04,30.141,30.141,30.073,29.634,28.699,27.928,27.911,27.739,27.549,27.566,27.584,27.635,27.549,27.566,27.566,27.566,27.514,27.532,27.514,27.514,27.549,27.566,27.584,27.584,27.566,27.584,27.618,27.618,27.653,27.67,27.653,27.739,27.756,27.704,27.721,27.79,27.859,27.894,27.928,28.014,28.168,28.237,28.289,28.357,28.391,28.494,28.46,28.477,28.477,28.477,28.426,28.357,28.306,28.22,28.134,28.083,27.997,27.945,27.894,27.842,27.842,27.825,27.773,27.739,27.721,27.704,27.704,27.721,27.808,27.859,27.894,27.911,27.928,27.928,27.962,27.98,27.98,27.98,28.014,28.014,28.014,28.031,28.048
,28.357,28.477,28.648,28.75,28.784,28.87,28.955,28.955,28.921,28.887,28.853,28.767,28.75,28.716,28.665,28.614,28.528,28.443,28.391,28.271,28.289,28.186,28.168,28.151,28.134,28.117,28.1,28.083,28.134,28.031,28.031,28.031,27.98,27.997,28.014,27.98,27.945,27.945,27.928,27.876,27.876,27.911,27.808,27.911,27.859,27.859,27.876,27.842,27.808,27.79,27.739,27.704,27.687,27.704,27.756,27.894,27.98,28.065,28.065,28.1,28.083,28.083,28.065,28.048,28.014,27.962,27.928,27.842,27.808,27.808,27.756,27.739,27.756,27.739,27.773,27.704,27.635,27.584,27.532,27.48,27.428,27.394,27.359,27.394,27.445,27.445,27.48,27.48,27.394,27.376,27.342,27.359,27.394,27.445,27.48,27.532,27.635,27.687,27.756,27.825,27.842,27.842,27.842,27.876,27.911,27.894,27.894,27.911,27.911,27.894,27.911,27.911,27.876,27.894,27.859,27.859,27.773,27.739,27.739,27.687,27.704,27.653,27.687,27.704,27.704,27.704,27.704,27.67,27.687,27.67,27.687,27.687,27.704,27.739,27.721,27.756,27.739,27.739,27.704,27.653,27.549,27.342,27.307,27.29,27.255,27.273,27.238,27.255,27.273,27.273,27.255,27.255,27.255,27.255,27.221,27.238,27.273,27.221,27.186,27.169,27.186,27.221,27.221,27.186,27.151,27.169,27.203,27.151,27.203,27.186,27.134,27.047,27.065,27.082,27.013,27.013,26.995,27.013,27.013,27.03,27.013,26.995,26.995,27.013,26.995,27.013,27.013,27.013,26.995,26.995,27.013,27.03,27.047,27.082,27.099,27.117,27.221,27.221,27.549,28.938,30.561,30.612,30.662,30.544,29.651,27.808,27.514,27.48,27.48,27.48,27.463,27.445,27.411,27.376,27.29,27.238,27.186,27.221,27.273,27.48,27.584,27.601,27.67,27.756,27.825,27.842,27.842,27.825,27.79,27.739,27.67,27.635,27.635,27.842,29.057,30.057,30.158,30.158,30.09,29.854,29.176,28.22,28.014,27.773,27.67,27.584,27.566,27.584,27.601,27.566,27.566,27.549,27.549,27.532,27.514,27.514,27.532,27.549,27.549,27.566,27.601,27.635,27.635,27.601,27.601,27.635,27.635,27.635,27.687,27.721,27.739,27.808,27.825,27.808,27.859,27.928,28.031,28.151,28.237,28.306,28.357,28.408,28.443,28.46,28.477,28.477,28.46,28.443,28.426,28.34,28.237,28.151,28.1,28.014,27.962,27.962,27.911,27.894,27.859,27.773,27.704,27.721,27.721,27.687,27.704,27.79,27.859,27.894,27.928,27.945,27.945,27.945,27.997,28.014,27.945,27.98,28.031,28.048,28.048,28.048
,28.34,28.443,28.614,28.801,28.853,28.904,28.904,28.904,28.938,28.904,28.87,28.801,28.784,28.75,28.716,28.682,28.58,28.443,28.408,28.323,28.289,28.186,28.134,28.151,28.151,28.151,28.117,28.117,28.117,28.083,28.048,27.997,27.98,27.997,27.962,27.962,27.945,27.928,27.911,27.911,27.894,27.894,27.842,27.842,27.894,27.876,27.859,27.842,27.842,27.808,27.756,27.704,27.687,27.687,27.739,27.945,28.014,28.065,28.117,28.134,28.1,28.1,28.083,28.048,28.031,28.031,27.962,27.859,27.825,27.79,27.773,27.79,27.756,27.739,27.704,27.687,27.618,27.549,27.532,27.428,27.394,27.359,27.324,27.394,27.48,27.445,27.463,27.445,27.376,27.376,27.376,27.376,27.376,27.411,27.463,27.514,27.601,27.67,27.739,27.808,27.825,27.825,27.842,27.859,27.876,27.894,27.894,27.911,27.894,27.894,27.911,27.894,27.876,27.876,27.825,27.808,27.756,27.721,27.687,27.67,27.67,27.635,27.721,27.704,27.704,27.687,27.67,27.687,27.67,27.67,27.687,27.687,27.67,27.67,27.704,27.721,27.721,27.739,27.687,27.67,27.532,27.428,27.342,27.273,27.255,27.255,27.255,27.238,27.29,27.255,27.238,27.221,27.221,27.221,27.221,27.238,27.238,27.186,27.203,27.203,27.169,27.221,27.203,27.203,27.186,27.186,27.117,27.151,27.186,27.186,27.117,27.065,27.047,27.065,27.03,27.047,27.03,27.013,27.013,26.995,26.995,26.961,26.978,27.013,27.013,27.047,27.03,26.995,27.013,27.013,27.03,27.047,27.082,27.117,27.134,27.169,27.169,27.238,27.704,29.922,30.612,30.628,30.662,30.41,29.159,27.514,27.445,27.463,27.445,27.445,27.428,27.411,27.376,27.273,27.221,27.186,27.134,27.186,27.273,27.463,27.532,27.67,27.739,27.756,27.842,27.842,27.842,27.825,27.773,27.739,27.721,27.721,27.721,28.323,29.465,30.107,30.175,30.208,30.09,29.448,28.426,28.048,27.876,27.825,27.687,27.584,27.584,27.584,27.584,27.584,27.584,27.566,27.532,27.532,27.532,27.532,27.532,27.549,27.566,27.566,27.601,27.618,27.601,27.653,27.635,27.653,27.704,27.653,27.635,27.79,27.687,27.756,27.79,27.79,27.842,27.962,28.048,28.134,28.254,28.323,28.323,28.391,28.408,28.443,28.443,28.46,28.46,28.426,28.391,28.357,28.289,28.237,28.117,27.997,27.928,27.911,27.911,27.876,27.842,27.808,27.756,27.739,27.721,27.704,27.721,27.79,27.825,27.876,27.911,27.962,27.98,27.945,28.014,28.014,27.945,27.997,28.014,27.997,28.048,28.048
,28.374,28.494,28.648,28.819,28.819,28.887,28.904,28.904,28.938,28.921,28.853,28.853,28.819,28.767,28.75,28.682,28.545,28.443,28.46,28.408,28.271,28.203,28.168,28.134,28.134,28.1,28.1,28.134,28.1,28.117,28.065,28.048,28.031,28.014,27.962,27.928,27.911,27.894,27.876,27.876,27.876,27.842,27.962,27.894,27.876,27.842,27.859,27.859,27.859,27.825,27.79,27.739,27.704,27.704,27.773,27.945,28.048,28.065,28.134,28.134,28.117,28.117,28.083,28.048,28.014,27.98,27.928,27.859,27.808,27.773,27.773,27.79,27.773,27.773,27.739,27.687,27.635,27.549,27.514,27.394,27.394,27.359,27.342,27.376,27.411,27.411,27.411,27.411,27.376,27.376,27.359,27.359,27.359,27.376,27.411,27.48,27.549,27.635,27.704,27.756,27.808,27.825,27.876,27.876,27.876,27.876,27.859,27.894,27.894,27.894,27.894,27.876,27.859,27.842,27.79,27.756,27.721,27.721,27.687,27.687,27.67,27.67,27.687,27.687,27.721,27.687,27.687,27.721,27.704,27.687,27.67,27.635,27.653,27.653,27.635,27.704,27.721,27.739,27.67,27.67,27.566,27.376,27.411,27.307,27.273,27.273,27.273,27.29,27.29,27.29,27.238,27.221,27.186,27.186,27.203,27.186,27.203,27.169,27.134,27.151,27.169,27.186,27.203,27.203,27.186,27.203,27.186,27.186,27.203,27.186,27.151,27.117,27.099,27.065,27.047,27.047,27.03,27.03,26.995,26.978,26.943,26.926,26.943,26.961,26.995,26.995,27.013,27.013,27.013,27.013,27.03,27.065,27.047,27.117,27.134,27.134,27.221,27.324,27.962,30.326,30.662,30.695,30.612,30.259,28.528,27.497,27.428,27.48,27.428,27.48,27.428,27.359,27.324,27.255,27.169,27.099,27.082,27.186,27.238,27.394,27.532,27.67,27.704,27.756,27.842,27.842,27.859,27.825,27.825,27.79,27.739,27.721,27.859,28.921,30.023,30.225,30.158,30.057,29.482,28.528,28.083,27.98,27.894,27.773,27.653,27.584,27.566,27.566,27.601,27.566,27.584,27.549,27.532,27.532,27.532,27.532,27.549,27.566,27.601,27.601,27.584,27.635,27.653,27.601,27.687,27.653,27.739,27.894,27.79,27.773,27.79,27.756,27.756,27.808,27.859,27.962,28.065,28.151,28.271,28.306,28.289,28.391,28.357,28.391,28.408,28.477,28.46,28.443,28.426,28.374,28.289,28.186,28.117,28.083,27.997,27.928,27.928,27.876,27.825,27.808,27.79,27.756,27.739,27.739,27.739,27.79,27.825,27.859,27.911,27.945,27.945,27.928,27.945,27.962,27.945,28.014,27.997,27.98,28.014,27.98
,28.443,28.631,28.733,28.819,28.836,28.904,28.938,28.938,28.955,28.955,28.921,28.853,28.819,28.801,28.75,28.682,28.597,28.494,28.408,28.289,28.323,28.203,28.151,28.134,28.083,28.083,28.1,28.1,28.083,28.1,28.065,28.083,28.065,27.98,27.945,27.928,27.911,27.894,27.911,27.894,27.911,27.928,27.928,27.962,27.894,27.876,27.859,27.859,27.842,27.825,27.79,27.756,27.721,27.721,27.756,27.876,28.048,28.1,28.134,28.117,28.1,28.1,28.031,28.048,27.997,27.962,27.928,27.876,27.842,27.825,27.773,27.739,27.739,27.721,27.704,27.704,27.601,27.48,27.514,27.411,27.359,27.342,27.324,27.394,27.376,27.394,27.411,27.411,27.394,27.376,27.359,27.342,27.376,27.394,27.411,27.463,27.532,27.601,27.67,27.721,27.79,27.859,27.859,27.859,27.842,27.825,27.842,27.859,27.876,27.894,27.894,27.859,27.825,27.808,27.773,27.721,27.704,27.704,27.687,27.67,27.635,27.653,27.687,27.67,27.67,27.687,27.67,27.687,27.653,27.618,27.601,27.618,27.635,27.601,27.653,27.704,27.721,27.739,27.739,27.635,27.514,27.394,27.376,27.29,27.273,27.255,27.238,27.238,27.221,27.255,27.238,27.186,27.186,27.186,27.186,27.186,27.169,27.134,27.099,27.151,27.151,27.186,27.203,27.238,27.273,27.238,27.255,27.169,27.186,27.186,27.151,27.099,27.082,27.065,27.082,27.065,27.047,27.013,26.978,26.943,26.909,26.891,26.909,26.978,26.978,26.995,26.995,27.013,27.03,27.047,27.03,27.065,27.134,27.151,27.186,27.221,27.221,27.411,28.545,30.477,30.695,30.729,30.494,30.04,28.22,27.445,27.411,27.463,27.445,27.48,27.463,27.394,27.307,27.221,27.134,27.065,27.047,27.134,27.203,27.376,27.532,27.584,27.653,27.739,27.859,27.825,27.842,27.842,27.911,27.876,27.876,28.031,28.972,29.955,30.225,30.225,30.259,30.09,29.295,28.237,28.065,27.928,27.825,27.721,27.601,27.601,27.549,27.566,27.584,27.584,27.584,27.532,27.514,27.48,27.497,27.497,27.532,27.566,27.601,27.618,27.584,27.584,27.653,27.67,27.653,27.704,27.704,27.721,27.808,27.808,27.79,27.756,27.756,27.79,27.859,27.962,28.083,28.186,28.237,28.289,28.289,28.391,28.357,28.391,28.477,28.477,28.46,28.443,28.426,28.357,28.271,28.22,28.117,28.031,27.98,27.962,27.928,27.894,27.876,27.825,27.79,27.773,27.756,27.756,27.739,27.79,27.842,27.894,27.945,27.945,27.911,27.98,27.98,27.962,28.048,28.031,27.98,27.928,27.962,28.014
,28.408,28.665,28.784,28.801,28.853,28.904,28.938,28.972,28.989,28.972,28.921,28.887,28.87,28.784,28.733,28.665,28.545,28.443,28.374,28.323,28.254,28.186,28.134,28.151,28.1,28.1,28.1,28.083,28.083,28.065,28.048,28.065,27.997,27.928,27.894,27.876,27.876,27.911,27.894,27.859,27.911,27.876,27.876,27.911,27.911,27.876,27.876,27.859,27.825,27.859,27.825,27.773,27.773,27.773,27.773,27.876,28.031,28.065,28.117,28.117,28.1,28.065,28.014,28.014,27.945,27.928,27.876,27.842,27.808,27.773,27.704,27.687,27.721,27.704,27.67,27.653,27.566,27.514,27.463,27.497,27.445,27.376,27.394,27.394,27.394,27.376,27.394,27.394,27.359,27.359,27.342,27.324,27.359,27.359,27.394,27.463,27.514,27.566,27.653,27.687,27.773,27.842,27.842,27.842,27.825,27.808,27.808,27.825,27.859,27.876,27.859,27.842,27.79,27.739,27.704,27.704,27.704,27.721,27.704,27.687,27.687,27.687,27.67,27.687,27.704,27.687,27.653,27.635,27.653,27.635,27.566,27.566,27.549,27.584,27.618,27.653,27.704,27.739,27.721,27.653,27.549,27.445,27.359,27.342,27.255,27.203,27.203,27.221,27.238,27.203,27.238,27.203,27.186,27.169,27.169,27.203,27.151,27.134,27.117,27.151,27.169,27.186,27.203,27.255,27.255,27.238,27.186,27.151,27.186,27.186,27.169,27.134,27.065,27.099,27.065,27.065,27.065,27.013,26.943,26.909,26.926,26.926,26.891,26.909,26.943,26.978,26.995,27.013,27.03,27.03,27.047,27.082,27.134,27.169,27.186,27.238,27.255,27.48,29.125,30.528,30.662,30.645,30.494,29.583,27.756,27.394,27.376,27.411,27.445,27.463,27.497,27.411,27.342,27.186,27.047,27.013,27.047,27.047,27.186,27.411,27.48,27.549,27.635,27.756,27.876,27.876,27.928,27.894,27.876,27.911,27.911,28.065,29.159,30.04,30.107,30.175,30.09,29.651,28.801,28.134,27.997,27.859,27.756,27.653,27.584,27.601,27.532,27.532,27.584,27.584,27.566,27.532,27.514,27.463,27.463,27.48,27.514,27.549,27.584,27.618,27.635,27.653,27.653,27.584,27.67,27.704,27.739,27.825,27.79,27.79,27.79,27.79,27.79,27.859,27.928,27.997,28.1,28.168,28.237,28.306,28.34,28.374,28.46,28.408,28.443,28.426,28.426,28.443,28.408,28.374,28.254,28.134,28.014,28.014,27.997,27.928,27.842,27.79,27.825,27.842,27.79,27.79,27.773,27.773,27.79,27.79,27.825,27.859,27.911,27.997,27.962,27.962,28.1,28.014,27.98,28.065,28.048,27.962,27.962,28.031
,28.357,28.511,28.75,28.767,28.819,28.87,28.938,28.989,29.006,28.972,28.904,28.887,28.836,28.767,28.75,28.648,28.511,28.391,28.306,28.289,28.254,28.168,28.151,28.117,28.1,28.083,28.1,28.083,28.065,28.048,28.031,28.048,27.945,27.911,27.928,27.911,27.894,27.911,27.911,27.876,27.928,27.945,27.945,27.945,28.1,27.945,27.842,27.842,27.808,27.808,27.773,27.773,27.808,27.808,27.825,27.911,27.98,27.997,28.065,28.083,28.083,28.065,28.031,27.962,27.911,27.894,27.859,27.825,27.773,27.739,27.704,27.704,27.704,27.704,27.704,27.653,27.584,27.549,27.48,27.463,27.411,27.342,27.359,27.359,27.376,27.376,27.376,27.359,27.359,27.376,27.376,27.342,27.324,27.342,27.359,27.445,27.497,27.549,27.635,27.687,27.756,27.825,27.825,27.808,27.79,27.773,27.79,27.808,27.808,27.825,27.79,27.756,27.739,27.67,27.687,27.687,27.67,27.704,27.653,27.687,27.687,27.687,27.687,27.704,27.687,27.67,27.67,27.653,27.618,27.566,27.601,27.514,27.514,27.549,27.618,27.618,27.653,27.721,27.704,27.67,27.635,27.549,27.394,27.273,27.255,27.221,27.169,27.186,27.186,27.186,27.203,27.221,27.221,27.203,27.186,27.151,27.151,27.117,27.151,27.151,27.134,27.221,27.238,27.238,27.29,27.255,27.186,27.169,27.186,27.134,27.151,27.117,27.082,27.082,27.082,27.03,27.03,27.03,26.961,26.909,26.856,26.926,26.926,26.891,26.943,26.961,26.978,27.013,26.995,27.03,27.03,27.047,27.117,27.134,27.186,27.238,27.238,27.566,29.363,30.595,30.645,30.544,30.41,28.784,27.445,27.394,27.359,27.394,27.411,27.463,27.48,27.411,27.359,27.169,27.03,26.961,26.995,27.013,27.099,27.359,27.463,27.566,27.67,27.808,27.876,27.859,27.842,27.876,27.945,27.894,27.945,28.904,29.871,30.107,30.09,30.023,29.719,29.04,28.306,28.014,27.859,27.808,27.687,27.635,27.601,27.584,27.532,27.532,27.584,27.566,27.549,27.514,27.497,27.48,27.463,27.48,27.514,27.532,27.566,27.635,27.704,27.618,27.601,27.601,27.653,27.67,27.721,27.773,27.739,27.79,27.825,27.808,27.808,27.859,27.928,28.031,28.134,28.186,28.289,28.306,28.323,28.34,28.391,28.374,28.374,28.408,28.426,28.46,28.46,28.34,28.271,28.1,28.048,28.014,27.98,27.928,27.825,27.773,27.79,27.808,27.79,27.773,27.79,27.79,27.808,27.842,27.876,27.859,27.842,27.962,27.98,27.945,28.048,28.031,27.997,28.031,28.048,28.014,27.98,27.962
,28.391,28.545,28.699,28.819,28.819,28.904,28.955,28.989,28.989,28.955,28.921,28.887,28.836,28.767,28.665,28.58,28.528,28.426,28.306,28.271,28.22,28.168,28.134,27.997,28.031,28.065,28.1,28.083,28.065,28.048,28.014,27.98,27.945,27.928,27.911,27.928,27.911,27.962,27.962,27.911,27.911,27.911,27.911,27.911,27.859,27.859,27.842,27.808,27.79,27.808,27.756,27.756,27.773,27.79,27.808,27.876,27.945,27.997,28.031,28.065,28.1,28.048,28.014,27.962,27.928,27.876,27.842,27.825,27.773,27.721,27.721,27.704,27.687,27.67,27.653,27.635,27.566,27.514,27.497,27.48,27.48,27.376,27.376,27.342,27.394,27.376,27.394,27.394,27.376,27.394,27.394,27.359,27.342,27.359,27.359,27.428,27.463,27.532,27.618,27.67,27.721,27.773,27.773,27.756,27.756,27.756,27.756,27.739,27.756,27.79,27.739,27.704,27.67,27.653,27.67,27.653,27.653,27.687,27.687,27.704,27.704,27.687,27.687,27.687,27.687,27.687,27.67,27.635,27.618,27.566,27.514,27.532,27.549,27.549,27.566,27.67,27.704,27.687,27.704,27.67,27.618,27.532,27.445,27.307,27.273,27.238,27.203,27.186,27.169,27.186,27.221,27.203,27.186,27.203,27.186,27.169,27.151,27.169,27.203,27.169,27.255,27.324,27.342,27.376,27.376,27.324,27.221,27.169,27.151,27.134,27.151,27.117,27.082,27.065,27.03,27.03,27.013,27.013,26.943,26.943,26.926,26.891,26.856,26.891,26.926,26.943,26.943,26.961,26.961,26.978,26.995,27.013,27.117,27.099,27.151,27.134,27.203,27.721,29.888,30.612,30.628,30.544,30.175,28.271,27.445,27.359,27.324,27.359,27.376,27.428,27.428,27.445,27.342,27.134,27.013,26.978,27.013,27.047,27.134,27.324,27.463,27.584,27.739,27.79,27.894,27.842,27.825,27.911,27.911,27.928,28.75,29.651,29.905,29.938,29.955,29.922,29.549,28.699,28.065,27.825,27.721,27.704,27.653,27.618,27.601,27.566,27.549,27.549,27.532,27.514,27.532,27.497,27.463,27.445,27.428,27.463,27.514,27.532,27.549,27.566,27.566,27.584,27.584,27.635,27.635,27.67,27.704,27.67,27.704,27.773,27.773,27.756,27.773,27.842,27.894,27.98,28.117,28.22,28.323,28.203,28.254,28.271,28.289,28.237,28.391,28.494,28.46,28.46,28.426,28.34,28.203,28.083,28.048,27.997,27.962,27.911,27.842,27.808,27.808,27.773,27.773,27.756,27.79,27.79,27.825,27.825,27.859,27.911,27.911,27.962,28.014,27.997,28.031,28.014,28.014,28.065,28.083,28.065,27.98,27.98
,28.391,28.477,28.682,28.784,28.819,28.904,28.955,28.972,28.972,28.938,28.904,28.887,28.819,28.767,28.682,28.597,28.46,28.357,28.34,28.289,28.203,28.22,28.168,28.048,28.117,28.1,28.083,28.1,28.083,28.048,27.997,27.98,27.928,27.894,27.894,27.911,27.945,27.997,27.962,27.928,27.894,27.859,27.859,27.859,27.894,27.842,27.859,27.842,27.773,27.687,27.739,27.704,27.721,27.79,27.825,27.859,27.945,27.997,28.048,28.083,28.117,28.048,27.997,28.031,27.98,27.962,27.859,27.79,27.687,27.687,27.704,27.67,27.67,27.653,27.601,27.566,27.566,27.532,27.48,27.48,27.445,27.394,27.394,27.359,27.376,27.376,27.342,27.394,27.376,27.394,27.359,27.342,27.342,27.342,27.359,27.428,27.463,27.514,27.601,27.653,27.704,27.721,27.739,27.721,27.739,27.739,27.756,27.739,27.739,27.739,27.687,27.653,27.635,27.618,27.653,27.67,27.653,27.653,27.67,27.704,27.704,27.687,27.687,27.687,27.704,27.704,27.687,27.635,27.618,27.584,27.566,27.497,27.514,27.532,27.601,27.618,27.584,27.635,27.653,27.618,27.601,27.584,27.48,27.376,27.29,27.255,27.203,27.186,27.169,27.169,27.186,27.203,27.186,27.221,27.151,27.151,27.186,27.117,27.203,27.307,27.376,27.394,27.463,27.411,27.29,27.221,27.169,27.151,27.169,27.099,27.065,27.065,27.047,27.013,27.082,27.047,26.978,26.961,26.961,26.943,26.909,26.874,26.839,26.839,26.891,26.909,26.943,26.961,26.926,26.943,26.961,26.995,27.013,27.013,27.065,27.186,27.203,28.22,30.309,30.578,30.662,30.595,29.803,28.031,27.463,27.307,27.273,27.342,27.324,27.376,27.411,27.394,27.273,27.134,26.995,26.943,26.995,26.961,27.221,27.411,27.497,27.584,27.704,27.911,27.928,27.842,27.894,27.894,27.894,28.271,29.261,29.972,29.972,29.955,29.955,29.736,29.312,28.528,27.79,27.67,27.618,27.601,27.635,27.601,27.566,27.549,27.532,27.549,27.497,27.497,27.48,27.463,27.428,27.411,27.428,27.445,27.497,27.532,27.532,27.566,27.584,27.566,27.584,27.635,27.653,27.653,27.67,27.687,27.687,27.687,27.704,27.721,27.756,27.825,27.894,27.98,28.065,28.22,28.254,28.237,28.289,28.254,28.254,28.323,28.408,28.443,28.443,28.443,28.408,28.323,28.306,28.065,28.014,27.98,27.928,27.894,27.859,27.825,27.79,27.773,27.756,27.756,27.773,27.808,27.825,27.876,27.928,27.928,27.928,27.997,27.997,27.962,28.031,28.031,28.014,28.031,28.048,28.031,27.997,28.065
,28.46,28.562,28.665,28.819,28.836,28.87,28.921,28.955,28.938,28.904,28.87,28.836,28.733,28.682,28.716,28.614,28.46,28.357,28.289,28.254,28.22,28.186,28.168,28.048,28.031,28.065,28.134,28.151,28.083,27.997,27.98,28.014,27.911,27.859,27.962,27.928,27.945,27.962,27.945,27.911,27.859,27.842,27.842,27.876,27.945,27.859,27.842,27.842,27.825,27.756,27.67,27.721,27.756,27.79,27.825,27.894,27.962,28.014,28.031,28.1,28.117,28.083,28.031,28.048,27.98,27.98,27.894,27.739,27.653,27.687,27.653,27.653,27.67,27.653,27.653,27.618,27.549,27.549,27.497,27.463,27.376,27.394,27.359,27.359,27.342,27.376,27.359,27.376,27.359,27.376,27.359,27.324,27.324,27.342,27.359,27.411,27.463,27.532,27.618,27.635,27.67,27.704,27.704,27.704,27.704,27.721,27.721,27.704,27.704,27.687,27.653,27.635,27.601,27.601,27.635,27.653,27.635,27.653,27.687,27.704,27.67,27.67,27.687,27.687,27.704,27.704,27.704,27.653,27.618,27.566,27.566,27.532,27.549,27.566,27.584,27.618,27.601,27.584,27.618,27.618,27.584,27.514,27.48,27.376,27.307,27.255,27.238,27.186,27.151,27.169,27.186,27.169,27.169,27.221,27.169,27.186,27.151,27.134,27.221,27.29,27.566,27.497,27.497,27.48,27.342,27.324,27.203,27.151,27.134,27.099,27.065,27.03,26.995,26.961,26.978,26.995,26.909,26.874,26.891,26.909,26.839,26.804,26.787,26.787,26.804,26.839,26.839,26.856,26.909,26.874,26.874,26.909,26.874,26.926,26.961,27.065,27.307,28.597,30.259,30.578,30.729,30.628,29.516,27.825,27.411,27.255,27.255,27.29,27.29,27.342,27.428,27.307,27.099,27.013,26.943,26.891,26.909,26.909,27.186,27.342,27.359,27.445,27.687,27.808,27.842,27.825,27.825,27.842,27.962,28.801,29.702,29.955,29.989,29.972,29.905,29.38,28.443,27.997,27.635,27.601,27.566,27.584,27.601,27.566,27.549,27.532,27.514,27.514,27.497,27.463,27.445,27.411,27.411,27.411,27.463,27.497,27.514,27.532,27.549,27.566,27.549,27.549,27.601,27.618,27.67,27.635,27.687,27.67,27.653,27.653,27.687,27.721,27.739,27.756,27.859,28.031,28.134,28.22,28.22,28.271,28.254,28.237,28.203,28.237,28.289,28.357,28.408,28.426,28.374,28.306,28.271,28.083,27.98,27.928,27.894,27.859,27.842,27.825,27.825,27.79,27.739,27.739,27.773,27.79,27.79,27.859,27.911,27.911,27.962,27.997,28.031,27.997,28.048,28.065,28.048,28.014,27.997,27.962,27.962,27.997
,28.46,28.562,28.631,28.733,28.853,28.904,28.921,28.938,28.904,28.887,28.836,28.767,28.716,28.699,28.682,28.614,28.408,28.289,28.271,28.237,28.186,28.203,28.134,27.997,28.1,28.151,28.117,28.048,28.031,27.962,27.945,27.98,27.928,27.911,27.98,27.962,27.945,27.962,27.928,27.876,27.842,27.842,27.894,27.876,27.894,27.894,27.876,27.859,27.79,27.773,27.739,27.721,27.739,27.79,27.842,27.894,27.98,28.065,28.083,28.117,28.134,28.1,28.014,27.962,27.945,27.859,27.842,27.687,27.67,27.67,27.618,27.635,27.687,27.67,27.653,27.618,27.549,27.514,27.497,27.445,27.394,27.394,27.394,27.359,27.342,27.342,27.376,27.342,27.394,27.376,27.324,27.29,27.273,27.324,27.376,27.428,27.411,27.549,27.566,27.584,27.635,27.653,27.653,27.653,27.67,27.67,27.67,27.653,27.653,27.653,27.635,27.635,27.653,27.635,27.635,27.653,27.67,27.67,27.67,27.653,27.67,27.67,27.687,27.67,27.687,27.704,27.67,27.618,27.584,27.584,27.584,27.566,27.566,27.549,27.601,27.618,27.618,27.618,27.584,27.566,27.532,27.48,27.463,27.359,27.255,27.255,27.221,27.221,27.203,27.169,27.151,27.151,27.186,27.169,27.151,27.169,27.151,27.186,27.238,27.359,27.635,27.549,27.48,27.48,27.359,27.238,27.203,27.169,27.134,27.082,27.03,27.013,26.961,26.943,26.891,26.891,26.856,26.839,26.822,26.787,26.787,26.77,26.735,26.735,26.752,26.77,26.77,26.856,26.839,26.856,26.856,26.822,26.856,26.891,26.909,26.961,27.307,28.716,30.225,30.679,30.763,30.612,29.261,27.601,27.307,27.151,27.255,27.255,27.324,27.29,27.376,27.394,27.099,26.874,26.874,26.822,26.856,26.909,27.047,27.238,27.394,27.48,27.704,27.842,27.928,27.894,27.808,27.859,28.443,29.397,29.938,29.989,30.04,29.922,29.549,28.767,27.98,27.721,27.601,27.566,27.584,27.566,27.532,27.532,27.532,27.514,27.497,27.514,27.497,27.445,27.428,27.411,27.394,27.376,27.445,27.497,27.497,27.532,27.549,27.532,27.549,27.549,27.584,27.601,27.635,27.67,27.67,27.635,27.67,27.67,27.67,27.687,27.721,27.739,27.79,27.911,28.117,28.151,28.186,28.203,28.203,28.254,28.203,28.22,28.289,28.374,28.408,28.408,28.374,28.306,28.22,28.1,27.98,27.876,27.842,27.825,27.79,27.756,27.79,27.773,27.773,27.756,27.773,27.756,27.79,27.859,27.928,27.945,27.945,28.031,28.014,27.997,28.065,28.1,28.065,28.031,28.031,27.945,27.894,27.859
,28.494,28.631,28.665,28.75,28.853,28.87,28.904,28.921,28.887,28.87,28.819,28.784,28.801,28.733,28.665,28.597,28.357,28.306,28.306,28.237,28.134,28.134,28.1,28.083,28.031,28.1,28.048,28.048,28.048,28.014,27.98,28.014,27.98,27.962,27.962,27.997,27.962,27.98,27.945,27.894,27.859,27.842,27.825,27.859,27.894,27.876,27.928,27.842,27.825,27.842,27.721,27.721,27.756,27.79,27.859,27.945,27.997,28.048,28.083,28.083,28.151,28.065,27.911,27.876,27.928,27.79,27.808,27.687,27.687,27.687,27.653,27.67,27.704,27.67,27.653,27.635,27.566,27.497,27.428,27.428,27.376,27.376,27.359,27.324,27.359,27.342,27.324,27.376,27.376,27.324,27.342,27.307,27.255,27.307,27.342,27.394,27.394,27.532,27.514,27.549,27.584,27.566,27.584,27.618,27.635,27.618,27.618,27.635,27.635,27.635,27.618,27.653,27.67,27.67,27.653,27.653,27.67,27.653,27.687,27.67,27.67,27.687,27.687,27.687,27.687,27.687,27.67,27.67,27.635,27.601,27.584,27.566,27.584,27.584,27.601,27.618,27.601,27.584,27.566,27.549,27.549,27.497,27.428,27.324,27.273,27.238,27.238,27.221,27.203,27.169,27.186,27.186,27.186,27.203,27.169,27.151,27.134,27.117,27.134,27.359,27.601,27.48,27.514,27.497,27.359,27.238,27.221,27.169,27.117,27.099,27.03,26.943,26.909,26.943,26.874,26.839,26.804,26.77,26.752,26.752,26.735,26.752,26.683,26.7,26.717,26.735,26.735,26.804,26.839,26.839,26.856,26.856,26.856,26.874,26.856,26.926,27.411,29.074,30.393,30.729,30.779,30.494,29.04,27.532,27.221,27.151,27.203,27.255,27.411,27.273,27.359,27.411,27.117,26.856,26.822,26.787,26.752,26.804,26.943,27.255,27.376,27.601,27.739,27.911,27.911,27.911,27.894,28.083,29.057,29.871,30.006,30.006,29.938,29.516,28.767,28.237,27.945,27.704,27.601,27.566,27.532,27.549,27.514,27.532,27.514,27.514,27.549,27.532,27.532,27.463,27.411,27.376,27.394,27.428,27.445,27.463,27.497,27.497,27.497,27.549,27.566,27.566,27.549,27.601,27.618,27.67,27.653,27.618,27.687,27.687,27.653,27.687,27.721,27.739,27.756,27.859,28.134,28.254,28.186,28.151,28.237,28.186,28.22,28.271,28.323,28.357,28.391,28.426,28.391,28.306,28.22,28.117,28.014,27.894,27.825,27.79,27.756,27.756,27.739,27.756,27.808,27.808,27.79,27.79,27.842,27.876,27.894,27.945,27.962,27.997,27.997,27.962,28.048,28.083,28.014,27.945,27.997,27.928,27.894,27.928
,28.443,28.562,28.648,28.75,28.801,28.836,28.904,28.87,28.887,28.853,28.801,28.801,28.801,28.699,28.648,28.562,28.391,28.34,28.323,28.237,28.168,28.134,28.117,28.134,28.048,28.048,28.031,28.031,28.031,28.065,28.048,27.997,27.98,27.98,27.98,27.98,27.98,28.014,27.98,27.928,27.894,27.859,27.842,27.876,27.894,27.876,27.876,27.859,27.842,27.808,27.721,27.721,27.739,27.756,27.825,27.928,28.031,28.065,28.048,28.031,28.083,28.031,27.928,27.859,27.911,27.825,27.808,27.704,27.704,27.721,27.687,27.721,27.704,27.653,27.653,27.653,27.566,27.411,27.376,27.376,27.342,27.359,27.324,27.324,27.307,27.359,27.428,27.445,27.394,27.342,27.342,27.29,27.273,27.29,27.324,27.342,27.376,27.514,27.532,27.532,27.532,27.532,27.549,27.584,27.601,27.601,27.601,27.618,27.618,27.618,27.635,27.653,27.67,27.67,27.67,27.67,27.687,27.67,27.687,27.704,27.687,27.687,27.687,27.687,27.687,27.704,27.67,27.653,27.618,27.601,27.584,27.584,27.566,27.584,27.584,27.601,27.618,27.618,27.584,27.566,27.549,27.48,27.394,27.307,27.255,27.255,27.238,27.221,27.186,27.186,27.186,27.186,27.203,27.221,27.186,27.151,27.134,27.047,27.082,27.359,27.67,27.566,27.463,27.497,27.324,27.255,27.221,27.169,27.134,27.117,27.082,27.03,26.995,26.891,26.822,26.804,26.77,26.717,26.717,26.717,26.7,26.735,26.683,26.7,26.683,26.7,26.717,26.752,26.804,26.822,26.822,26.822,26.856,26.839,26.839,26.909,27.445,29.651,30.561,30.729,30.679,30.376,28.631,27.514,27.273,27.186,27.151,27.203,27.411,27.307,27.376,27.307,26.995,26.804,26.752,26.752,26.717,26.752,26.943,27.411,27.635,27.618,27.773,27.928,27.945,27.928,28.031,28.528,29.465,30.023,30.04,30.006,29.786,29.142,28.271,27.876,27.825,27.687,27.653,27.584,27.532,27.549,27.532,27.514,27.514,27.549,27.566,27.514,27.48,27.463,27.445,27.428,27.463,27.463,27.463,27.497,27.497,27.48,27.514,27.566,27.532,27.566,27.549,27.618,27.618,27.618,27.67,27.635,27.635,27.687,27.67,27.653,27.704,27.773,27.773,27.825,27.997,28.186,28.186,28.1,28.186,28.237,28.271,28.289,28.323,28.374,28.391,28.408,28.374,28.306,28.323,28.186,28.134,27.945,27.842,27.808,27.756,27.808,27.825,27.79,27.79,27.825,27.842,27.79,27.756,27.79,27.808,27.876,27.945,27.945,27.98,27.997,27.997,27.997,27.98,27.894,27.876,27.876,27.859,27.928
,28.494,28.597,28.665,28.767,28.853,28.819,28.836,28.87,28.904,28.887,28.853,28.801,28.75,28.682,28.631,28.545,28.426,28.323,28.306,28.254,28.186,28.134,28.1,28.083,28.014,28.014,28.065,28.065,28.048,28.048,28.048,28.031,28.014,27.997,27.98,27.962,28.048,28.031,28.031,27.98,27.911,27.876,27.894,27.911,27.928,27.894,27.894,27.842,27.842,27.808,27.739,27.721,27.67,27.721,27.825,27.911,27.98,28.014,28.031,28.031,28.014,27.997,27.928,27.825,27.825,27.79,27.808,27.739,27.739,27.739,27.721,27.739,27.721,27.687,27.653,27.584,27.514,27.428,27.359,27.359,27.342,27.342,27.324,27.359,27.342,27.342,27.376,27.394,27.394,27.359,27.342,27.29,27.255,27.255,27.255,27.324,27.324,27.428,27.445,27.48,27.514,27.549,27.549,27.566,27.566,27.618,27.618,27.635,27.635,27.653,27.653,27.653,27.653,27.653,27.67,27.687,27.687,27.687,27.721,27.704,27.704,27.704,27.687,27.687,27.687,27.67,27.67,27.67,27.635,27.618,27.584,27.566,27.549,27.566,27.584,27.584,27.584,27.601,27.566,27.566,27.514,27.463,27.324,27.273,27.238,27.221,27.221,27.203,27.186,27.203,27.186,27.186,27.186,27.186,27.186,27.151,27.117,27.082,27.186,27.411,27.635,27.601,27.566,27.497,27.307,27.255,27.169,27.186,27.151,27.082,27.099,26.978,26.891,26.856,26.787,26.752,26.717,26.735,26.717,26.7,26.7,26.7,26.683,26.7,26.683,26.717,26.735,26.77,26.77,26.822,26.822,26.839,26.874,26.822,26.856,26.978,27.601,29.922,30.612,30.763,30.628,30.427,28.048,27.29,27.255,27.169,27.169,27.238,27.411,27.428,27.376,27.238,26.995,26.891,26.7,26.665,26.578,26.613,26.961,27.359,27.48,27.549,27.773,27.911,27.962,28.065,28.408,29.21,29.871,30.023,30.023,29.989,29.685,28.836,27.962,27.79,27.704,27.653,27.653,27.601,27.584,27.584,27.532,27.549,27.549,27.549,27.549,27.566,27.514,27.497,27.463,27.463,27.48,27.48,27.48,27.48,27.463,27.48,27.497,27.584,27.584,27.618,27.601,27.601,27.635,27.584,27.653,27.653,27.584,27.653,27.721,27.67,27.739,27.825,27.825,27.945,28.014,28.134,28.151,28.186,28.168,28.22,28.271,28.323,28.357,28.408,28.443,28.408,28.408,28.289,28.323,28.237,28.168,27.997,27.876,27.842,27.773,27.773,27.79,27.808,27.859,27.79,27.773,27.773,27.79,27.79,27.773,27.859,27.894,27.894,27.997,28.031,27.98,27.945,27.98,27.98,27.945,27.894,27.894,27.911
,28.494,28.545,28.597,28.716,28.836,28.853,28.819,28.819,28.938,28.921,28.853,28.784,28.75,28.733,28.665,28.58,28.46,28.374,28.306,28.22,28.151,28.1,28.083,28.048,28.031,28.048,28.1,28.065,28.048,28.083,28.065,28.048,28.014,27.997,27.98,27.997,28.048,28.031,28.048,28.014,27.945,27.894,27.894,27.928,27.911,27.894,27.842,27.79,27.79,27.773,27.773,27.687,27.67,27.704,27.773,27.859,27.928,27.962,27.98,27.997,28.014,27.997,27.859,27.79,27.79,27.79,27.825,27.79,27.773,27.773,27.756,27.721,27.721,27.687,27.635,27.584,27.497,27.428,27.359,27.342,27.324,27.307,27.324,27.376,27.394,27.376,27.394,27.394,27.376,27.411,27.29,27.273,27.29,27.221,27.238,27.307,27.307,27.394,27.445,27.48,27.514,27.549,27.566,27.566,27.584,27.635,27.67,27.67,27.67,27.67,27.67,27.653,27.653,27.653,27.653,27.653,27.67,27.687,27.704,27.704,27.721,27.721,27.687,27.687,27.67,27.653,27.635,27.653,27.635,27.601,27.584,27.549,27.532,27.532,27.532,27.514,27.514,27.549,27.549,27.532,27.48,27.445,27.324,27.273,27.203,27.169,27.186,27.221,27.221,27.203,27.169,27.169,27.134,27.169,27.151,27.134,27.134,27.099,27.186,27.394,27.635,27.653,27.653,27.549,27.342,27.255,27.186,27.151,27.082,27.047,27.117,26.943,26.891,26.804,26.717,26.717,26.717,26.7,26.717,26.7,26.7,26.7,26.683,26.7,26.683,26.717,26.717,26.752,26.752,26.77,26.804,26.804,26.839,26.822,26.891,27.013,27.721,29.972,30.595,30.679,30.746,30.158,27.928,27.255,27.151,27.134,27.151,27.203,27.324,27.394,27.445,27.359,27.047,26.943,26.665,26.63,26.648,26.683,27.151,27.273,27.307,27.549,27.825,27.928,27.98,28.083,28.853,29.719,30.006,30.023,30.006,29.803,29.227,28.34,27.773,27.721,27.653,27.618,27.584,27.601,27.566,27.566,27.566,27.584,27.601,27.566,27.549,27.532,27.514,27.48,27.497,27.532,27.497,27.463,27.445,27.463,27.48,27.497,27.532,27.566,27.618,27.653,27.635,27.618,27.618,27.618,27.635,27.635,27.584,27.566,27.635,27.721,27.825,27.859,27.842,27.945,28.065,28.134,28.134,28.151,28.186,28.203,28.254,28.306,28.408,28.511,28.511,28.494,28.426,28.306,28.271,28.168,28.083,27.945,27.842,27.808,27.842,27.859,27.773,27.79,27.808,27.825,27.825,27.79,27.808,27.825,27.79,27.842,27.859,27.876,27.98,28.014,27.98,27.962,27.945,27.928,27.894,27.928,27.98,27.98
,28.46,28.528,28.648,28.716,28.733,28.819,28.853,28.819,28.853,28.955,28.87,28.767,28.75,28.767,28.699,28.631,28.46,28.46,28.289,28.203,28.151,28.1,28.083,28.065,28.065,28.031,28.065,28.065,28.1,28.117,28.117,28.048,27.997,28.031,28.048,27.98,28.031,28.065,28.048,28.048,27.962,27.928,27.928,27.928,27.894,27.876,27.842,27.825,27.773,27.808,27.739,27.704,27.653,27.67,27.721,27.859,27.962,27.962,27.928,27.928,27.962,27.98,27.911,27.842,27.825,27.808,27.842,27.773,27.756,27.773,27.739,27.704,27.721,27.653,27.601,27.601,27.532,27.411,27.324,27.324,27.324,27.307,27.324,27.359,27.394,27.394,27.376,27.376,27.376,27.394,27.29,27.238,27.221,27.221,27.255,27.273,27.29,27.376,27.428,27.48,27.514,27.566,27.566,27.566,27.618,27.653,27.653,27.67,27.67,27.653,27.653,27.635,27.635,27.635,27.653,27.635,27.635,27.67,27.687,27.721,27.739,27.721,27.704,27.67,27.67,27.67,27.653,27.653,27.618,27.584,27.549,27.549,27.532,27.514,27.514,27.514,27.514,27.514,27.549,27.532,27.532,27.463,27.342,27.238,27.203,27.169,27.169,27.151,27.169,27.203,27.169,27.151,27.151,27.151,27.134,27.134,27.117,27.151,27.221,27.411,27.635,27.635,27.687,27.549,27.307,27.221,27.203,27.151,27.134,27.082,27.03,26.926,26.822,26.752,26.735,26.717,26.735,26.683,26.735,26.683,26.7,26.665,26.665,26.7,26.7,26.717,26.735,26.752,26.735,26.752,26.787,26.752,26.804,26.839,26.909,26.995,27.739,30.09,30.595,30.645,30.729,29.617,27.721,27.324,27.307,27.099,27.169,27.273,27.324,27.463,27.48,27.342,27.013,26.7,26.596,26.648,26.665,26.717,27.03,27.186,27.307,27.497,27.773,27.945,28.065,28.443,29.261,29.905,30.023,30.023,29.955,29.516,28.46,27.842,27.687,27.584,27.601,27.584,27.584,27.601,27.584,27.549,27.618,27.601,27.601,27.584,27.584,27.566,27.532,27.532,27.532,27.497,27.428,27.428,27.445,27.463,27.497,27.497,27.549,27.549,27.635,27.67,27.67,27.653,27.635,27.635,27.635,27.584,27.549,27.584,27.635,27.704,27.756,27.876,27.945,27.911,28.065,28.134,28.134,28.168,28.186,28.186,28.237,28.289,28.374,28.511,28.511,28.58,28.357,28.323,28.271,28.134,28.031,27.945,27.876,27.876,27.876,27.876,27.773,27.825,27.825,27.808,27.808,27.79,27.79,27.842,27.825,27.825,27.876,27.894,27.962,27.98,27.98,27.962,27.945,27.98,27.945,27.928,27.928,27.945
,28.391,28.631,28.784,28.819,28.819,28.836,28.819,28.853,28.87,28.853,28.767,28.784,28.801,28.767,28.733,28.597,28.408,28.426,28.289,28.203,28.168,28.117,28.048,28.031,28.048,28.048,28.031,28.083,28.117,28.1,28.117,28.083,28.031,27.962,27.928,27.945,28.048,28.014,28.065,27.997,27.928,27.911,27.928,27.911,27.876,27.825,27.773,27.808,27.756,27.756,27.756,27.687,27.67,27.67,27.773,27.894,27.945,27.962,27.98,27.962,27.98,27.98,27.842,27.808,27.842,27.825,27.808,27.808,27.756,27.704,27.704,27.704,27.687,27.67,27.601,27.566,27.497,27.428,27.376,27.324,27.307,27.307,27.307,27.359,27.394,27.394,27.376,27.376,27.342,27.342,27.29,27.203,27.238,27.238,27.221,27.273,27.342,27.359,27.411,27.497,27.549,27.566,27.584,27.635,27.67,27.67,27.618,27.67,27.67,27.653,27.635,27.618,27.601,27.601,27.635,27.618,27.618,27.635,27.653,27.721,27.739,27.721,27.687,27.67,27.653,27.653,27.653,27.601,27.601,27.566,27.549,27.549,27.532,27.514,27.497,27.497,27.497,27.463,27.514,27.48,27.463,27.376,27.342,27.238,27.151,27.151,27.134,27.134,27.169,27.169,27.134,27.117,27.117,27.082,27.099,27.099,27.117,27.151,27.221,27.411,27.601,27.618,27.584,27.532,27.324,27.238,27.169,27.117,27.099,26.995,26.961,26.926,26.787,26.77,26.717,26.717,26.735,26.717,26.735,26.683,26.7,26.7,26.683,26.717,26.717,26.717,26.735,26.752,26.717,26.787,26.77,26.752,26.787,26.804,26.909,27.013,28.289,30.309,30.645,30.88,30.645,29.516,27.48,27.221,27.221,27.117,27.099,27.273,27.359,27.359,27.342,27.324,27.013,26.874,26.665,26.596,26.648,26.752,26.995,27.169,27.307,27.428,27.618,27.859,28.203,28.921,29.651,29.989,30.006,30.006,29.719,28.887,27.962,27.635,27.566,27.514,27.549,27.566,27.566,27.549,27.549,27.549,27.584,27.601,27.635,27.653,27.618,27.584,27.549,27.549,27.549,27.566,27.549,27.48,27.48,27.48,27.497,27.48,27.514,27.566,27.601,27.635,27.653,27.653,27.618,27.635,27.618,27.601,27.566,27.584,27.601,27.584,27.773,27.859,27.911,27.962,28.031,28.151,28.186,28.168,28.186,28.203,28.22,28.254,28.323,28.443,28.477,28.58,28.391,28.271,28.168,28.048,27.98,27.928,27.842,27.808,27.825,27.808,27.876,27.79,27.808,27.773,27.773,27.773,27.773,27.825,27.859,27.842,27.894,27.911,27.945,27.98,27.997,27.962,27.962,27.962,27.945,27.928,27.945,27.945
,28.374,28.631,28.75,28.784,28.801,28.836,28.819,28.836,28.801,28.887,28.921,28.887,28.784,28.699,28.648,28.528,28.391,28.357,28.289,28.203,28.168,28.117,28.031,28.014,28.031,28.048,28.048,28.117,28.134,28.134,28.134,28.134,28.083,28.014,27.962,27.945,27.997,27.997,27.98,27.928,27.894,27.894,27.859,27.859,27.842,27.773,27.739,27.756,27.704,27.739,27.704,27.635,27.67,27.704,27.842,27.911,27.911,27.928,27.962,27.997,28.031,27.98,27.928,27.98,27.997,27.808,27.842,27.894,27.825,27.704,27.653,27.653,27.635,27.653,27.635,27.549,27.463,27.445,27.411,27.324,27.29,27.29,27.307,27.342,27.342,27.359,27.376,27.376,27.342,27.29,27.255,27.221,27.221,27.221,27.203,27.186,27.29,27.376,27.445,27.48,27.566,27.601,27.635,27.653,27.67,27.67,27.67,27.687,27.704,27.635,27.618,27.584,27.566,27.584,27.566,27.584,27.584,27.584,27.635,27.67,27.687,27.67,27.67,27.653,27.618,27.635,27.601,27.566,27.584,27.584,27.549,27.549,27.532,27.514,27.497,27.48,27.463,27.445,27.428,27.463,27.445,27.376,27.342,27.203,27.151,27.134,27.117,27.134,27.117,27.117,27.117,27.065,27.013,27.082,27.099,27.065,27.082,27.151,27.255,27.411,27.532,27.532,27.463,27.411,27.273,27.238,27.151,27.065,27.082,26.995,26.995,26.874,26.822,26.77,26.735,26.735,26.77,26.7,26.752,26.735,26.683,26.717,26.7,26.717,26.717,26.683,26.7,26.735,26.752,26.822,26.717,26.752,26.787,26.822,26.909,26.995,28.853,30.461,30.628,30.813,30.679,29.38,27.463,27.169,27.169,27.082,27.099,27.29,27.359,27.394,27.411,27.203,26.995,26.822,26.665,26.596,26.561,26.665,26.978,27.151,27.273,27.445,27.635,28.048,28.819,29.6,29.938,30.04,30.023,29.905,29.363,28.306,27.756,27.635,27.514,27.497,27.514,27.549,27.549,27.549,27.532,27.532,27.566,27.601,27.653,27.601,27.566,27.635,27.618,27.601,27.566,27.497,27.463,27.463,27.48,27.514,27.497,27.549,27.497,27.532,27.549,27.566,27.584,27.584,27.566,27.601,27.601,27.601,27.635,27.653,27.687,27.704,27.739,27.773,27.894,27.945,28.048,28.134,28.186,28.186,28.22,28.237,28.203,28.22,28.323,28.426,28.511,28.562,28.46,28.306,28.22,28.117,28.031,27.962,27.876,27.894,27.894,27.79,27.894,27.859,27.911,27.808,27.773,27.79,27.773,27.79,27.859,27.842,27.911,27.997,28.014,27.997,27.98,27.98,27.962,27.962,27.928,27.928,27.928,27.928
,28.426,28.511,28.631,28.699,28.767,28.801,28.836,28.87,28.801,28.887,28.887,28.801,28.767,28.784,28.75,28.597,28.46,28.391,28.323,28.22,28.168,28.117,28.048,28.014,28.014,28.048,28.1,28.151,28.151,28.168,28.168,28.134,28.117,28.083,28.031,28.031,28.031,27.98,27.962,27.928,27.894,27.876,27.842,27.842,27.808,27.808,27.79,27.739,27.687,27.704,27.653,27.635,27.67,27.721,27.79,27.842,27.928,27.98,27.98,28.014,27.997,27.962,27.962,28.014,28.014,27.945,27.876,27.842,27.739,27.721,27.67,27.618,27.584,27.618,27.601,27.549,27.463,27.411,27.359,27.307,27.273,27.255,27.273,27.29,27.342,27.359,27.359,27.359,27.342,27.273,27.238,27.238,27.203,27.221,27.221,27.203,27.307,27.307,27.394,27.514,27.566,27.549,27.618,27.618,27.618,27.67,27.704,27.653,27.67,27.618,27.584,27.566,27.566,27.566,27.566,27.584,27.601,27.584,27.584,27.635,27.67,27.67,27.653,27.635,27.635,27.618,27.584,27.584,27.584,27.566,27.549,27.549,27.549,27.532,27.549,27.514,27.497,27.497,27.445,27.48,27.463,27.394,27.307,27.221,27.186,27.151,27.134,27.117,27.099,27.099,27.117,27.065,27.03,27.065,27.065,27.065,27.065,27.134,27.203,27.359,27.48,27.463,27.376,27.324,27.221,27.169,27.099,27.047,27.047,27.013,27.013,26.856,26.856,26.77,26.752,26.752,26.77,26.717,26.752,26.752,26.7,26.717,26.717,26.735,26.717,26.7,26.7,26.717,26.787,26.839,26.752,26.77,26.804,26.874,26.909,27.169,29.261,30.376,30.695,30.763,30.309,28.938,27.514,27.134,27.047,27.047,27.169,27.238,27.29,27.324,27.342,27.29,26.839,26.735,26.7,26.63,26.63,26.7,26.909,27.134,27.324,27.48,27.773,28.289,29.244,30.006,30.057,30.04,29.938,29.634,28.921,28.083,27.566,27.566,27.514,27.497,27.514,27.532,27.532,27.514,27.514,27.532,27.566,27.635,27.687,27.67,27.653,27.67,27.635,27.584,27.549,27.497,27.497,27.48,27.497,27.549,27.514,27.549,27.514,27.48,27.497,27.532,27.514,27.549,27.566,27.566,27.601,27.618,27.618,27.67,27.704,27.739,27.756,27.79,27.945,27.962,28.014,28.1,28.168,28.186,28.22,28.237,28.22,28.237,28.357,28.426,28.562,28.511,28.46,28.306,28.237,28.151,28.031,27.928,27.859,27.876,27.808,27.79,27.876,27.859,27.876,27.808,27.756,27.773,27.739,27.773,27.842,27.894,27.962,28.031,28.014,27.997,27.98,27.945,27.945,27.928,27.928,27.928,27.911,27.928
,28.528,28.528,28.631,28.75,28.767,28.801,28.853,28.87,28.819,28.819,28.784,28.733,28.75,28.716,28.614,28.494,28.46,28.391,28.306,28.289,28.22,28.1,28.048,28.014,28.031,28.117,28.117,28.168,28.186,28.168,28.134,28.168,28.134,28.1,28.065,27.997,27.962,27.962,27.928,27.911,27.876,27.894,27.876,27.842,27.79,27.79,27.808,27.756,27.704,27.687,27.67,27.67,27.687,27.704,27.704,27.79,27.876,27.997,27.962,27.962,27.997,27.98,27.945,27.945,27.945,27.911,27.79,27.756,27.773,27.704,27.653,27.618,27.618,27.584,27.532,27.532,27.48,27.394,27.342,27.307,27.255,27.238,27.255,27.273,27.307,27.342,27.359,27.342,27.307,27.273,27.255,27.255,27.203,27.203,27.186,27.203,27.29,27.342,27.394,27.463,27.566,27.566,27.635,27.687,27.635,27.687,27.67,27.687,27.653,27.584,27.584,27.566,27.566,27.566,27.584,27.618,27.653,27.584,27.601,27.687,27.721,27.704,27.67,27.67,27.653,27.635,27.584,27.584,27.566,27.549,27.549,27.549,27.549,27.549,27.549,27.549,27.549,27.497,27.428,27.428,27.445,27.359,27.255,27.221,27.169,27.151,27.151,27.117,27.082,27.117,27.099,27.082,27.082,27.047,27.047,27.065,27.065,27.117,27.186,27.273,27.359,27.342,27.29,27.255,27.203,27.151,27.099,27.065,27.03,27.013,26.995,26.909,26.839,26.77,26.77,26.752,26.752,26.735,26.735,26.735,26.717,26.717,26.735,26.735,26.717,26.735,26.7,26.735,26.752,26.839,26.77,26.804,26.787,26.943,26.926,27.584,29.972,30.343,30.561,30.578,30.107,28.237,27.324,27.082,27.117,27.151,27.117,27.238,27.29,27.29,27.29,27.169,26.995,26.822,26.7,26.665,26.63,26.63,26.874,27.169,27.376,27.566,28.014,28.853,29.719,30.107,30.073,30.023,29.753,29.108,28.323,27.859,27.497,27.428,27.445,27.497,27.514,27.532,27.549,27.549,27.532,27.601,27.532,27.653,27.704,27.67,27.601,27.566,27.566,27.584,27.584,27.549,27.532,27.497,27.463,27.514,27.514,27.497,27.532,27.497,27.48,27.497,27.445,27.445,27.48,27.584,27.653,27.67,27.653,27.653,27.704,27.739,27.739,27.773,27.79,27.962,28.083,28.151,28.186,28.186,28.22,28.22,28.237,28.289,28.34,28.374,28.443,28.46,28.443,28.34,28.168,28.1,28.065,27.962,27.859,27.842,27.79,27.756,27.842,27.876,27.876,27.825,27.79,27.773,27.739,27.79,27.894,27.98,28.014,28.1,28.083,28.014,28.031,27.98,27.945,27.945,27.928,27.911,27.894,27.911
,28.494,28.614,28.699,28.75,28.801,28.836,28.87,28.887,28.836,28.75,28.767,28.767,28.75,28.682,28.562,28.494,28.426,28.408,28.374,28.22,28.048,28.065,28.083,28.1,28.134,28.168,28.151,28.168,28.203,28.186,28.151,28.117,28.065,28.014,27.98,27.962,27.962,27.928,27.928,27.911,27.894,27.859,27.842,27.842,27.825,27.859,27.808,27.739,27.739,27.721,27.67,27.687,27.687,27.721,27.739,27.808,27.876,27.98,27.911,27.945,27.98,27.962,27.928,27.911,27.876,27.808,27.808,27.79,27.704,27.653,27.601,27.618,27.566,27.549,27.497,27.497,27.48,27.411,27.376,27.307,27.255,27.238,27.273,27.273,27.29,27.324,27.324,27.324,27.29,27.273,27.238,27.203,27.203,27.221,27.203,27.255,27.29,27.324,27.376,27.428,27.514,27.601,27.687,27.601,27.653,27.687,27.721,27.67,27.653,27.601,27.601,27.584,27.566,27.584,27.601,27.635,27.67,27.67,27.653,27.653,27.687,27.704,27.67,27.67,27.653,27.635,27.601,27.566,27.566,27.549,27.549,27.532,27.532,27.549,27.549,27.566,27.549,27.497,27.445,27.411,27.394,27.324,27.255,27.221,27.151,27.117,27.134,27.082,27.065,27.099,27.099,27.082,27.082,27.065,27.047,27.047,27.082,27.099,27.151,27.203,27.221,27.203,27.203,27.186,27.169,27.134,27.117,27.065,27.03,27.013,26.995,26.943,26.856,26.77,26.804,26.77,26.804,26.735,26.77,26.717,26.717,26.735,26.735,26.735,26.752,26.752,26.735,26.735,26.752,26.77,26.735,26.787,26.822,26.978,26.961,27.825,30.073,30.41,30.595,30.511,30.023,28.065,27.203,27.065,27.065,27.117,27.117,27.221,27.273,27.255,27.324,27.186,27.013,26.787,26.683,26.665,26.665,26.735,27.065,27.29,27.445,27.808,28.374,29.312,30.09,30.158,30.107,29.972,29.431,28.562,27.859,27.635,27.532,27.532,27.48,27.497,27.497,27.514,27.601,27.618,27.566,27.566,27.532,27.601,27.635,27.653,27.653,27.635,27.618,27.601,27.601,27.584,27.514,27.48,27.445,27.48,27.48,27.48,27.584,27.584,27.532,27.532,27.48,27.48,27.514,27.584,27.635,27.635,27.67,27.687,27.704,27.739,27.756,27.808,27.842,28.014,28.1,28.168,28.186,28.186,28.22,28.237,28.271,28.357,28.357,28.426,28.443,28.477,28.426,28.34,28.357,28.254,28.014,27.945,27.894,27.808,27.825,27.808,27.825,27.859,27.911,27.876,27.825,27.842,27.79,27.859,28.014,28.117,28.117,28.048,28.014,28.014,27.997,27.928,27.928,27.945,27.945,27.911,27.911,27.911
,28.494,28.614,28.699,28.733,28.853,28.87,28.887,28.904,28.836,28.784,28.767,28.75,28.733,28.665,28.58,28.494,28.443,28.408,28.323,28.254,28.151,28.1,28.083,28.117,28.151,28.168,28.186,28.203,28.22,28.168,28.151,28.134,28.083,28.031,28.048,28.031,27.962,27.962,27.928,27.911,27.911,27.911,27.894,27.859,27.842,27.859,27.808,27.739,27.721,27.687,27.653,27.653,27.653,27.721,27.79,27.79,27.911,27.98,27.945,27.98,27.962,27.945,27.928,27.911,27.894,27.876,27.842,27.721,27.687,27.653,27.653,27.549,27.549,27.514,27.514,27.497,27.445,27.411,27.376,27.307,27.255,27.221,27.238,27.273,27.307,27.324,27.307,27.29,27.29,27.238,27.203,27.169,27.221,27.273,27.273,27.307,27.342,27.342,27.376,27.445,27.532,27.601,27.584,27.653,27.67,27.67,27.67,27.635,27.601,27.601,27.601,27.601,27.601,27.635,27.601,27.635,27.67,27.67,27.635,27.653,27.67,27.67,27.67,27.653,27.635,27.618,27.601,27.584,27.566,27.549,27.532,27.514,27.514,27.549,27.566,27.566,27.549,27.549,27.497,27.445,27.376,27.29,27.221,27.186,27.169,27.134,27.134,27.082,27.065,27.082,27.099,27.082,27.082,27.065,27.047,27.065,27.099,27.065,27.082,27.117,27.117,27.117,27.151,27.151,27.151,27.117,27.099,27.047,27.03,27.013,26.995,26.943,26.891,26.822,26.804,26.787,26.839,26.804,26.787,26.77,26.735,26.787,26.77,26.77,26.787,26.77,26.77,26.822,26.822,26.77,26.839,26.856,26.839,26.995,27.065,28.648,30.225,30.544,30.494,30.461,29.77,27.825,27.203,27.082,27.047,27.082,27.186,27.221,27.324,27.307,27.273,27.186,27.013,26.822,26.735,26.717,26.683,26.978,27.307,27.411,27.635,28.1,28.887,29.719,30.124,30.141,30.057,29.702,28.938,28.306,27.721,27.618,27.532,27.549,27.497,27.48,27.497,27.549,27.653,27.566,27.584,27.584,27.549,27.584,27.584,27.566,27.584,27.618,27.618,27.584,27.584,27.566,27.532,27.497,27.497,27.532,27.463,27.497,27.566,27.601,27.635,27.532,27.497,27.497,27.48,27.532,27.635,27.67,27.67,27.687,27.721,27.756,27.79,27.808,27.876,28.014,28.1,28.151,28.168,28.186,28.237,28.271,28.271,28.306,28.306,28.426,28.443,28.426,28.391,28.323,28.22,28.117,27.98,27.859,27.842,27.79,27.79,27.773,27.773,27.825,27.859,27.842,27.842,27.859,27.911,27.945,28.083,28.065,28.014,28.014,28.065,28.083,27.98,27.997,27.98,27.98,27.945,27.945,27.945,27.945
,28.545,28.58,28.75,28.801,28.853,28.87,28.887,28.87,28.853,28.836,28.716,28.716,28.699,28.648,28.58,28.528,28.477,28.357,28.306,28.186,28.254,28.151,28.117,28.134,28.151,28.168,28.186,28.254,28.203,28.083,28.117,28.168,28.083,28.048,28.048,27.98,27.945,27.962,27.928,27.842,27.911,27.894,27.842,27.876,27.859,27.825,27.773,27.739,27.721,27.704,27.687,27.67,27.67,27.67,27.79,27.773,27.945,28.014,27.997,27.997,27.98,27.962,27.945,27.928,27.894,27.842,27.773,27.739,27.704,27.67,27.618,27.584,27.549,27.566,27.532,27.497,27.428,27.411,27.376,27.324,27.307,27.255,27.221,27.29,27.307,27.307,27.307,27.29,27.307,27.221,27.151,27.186,27.238,27.29,27.307,27.359,27.376,27.342,27.342,27.428,27.48,27.532,27.532,27.601,27.635,27.618,27.635,27.635,27.635,27.601,27.601,27.618,27.566,27.601,27.635,27.618,27.635,27.704,27.653,27.67,27.653,27.618,27.653,27.67,27.67,27.618,27.566,27.566,27.549,27.532,27.514,27.497,27.48,27.514,27.532,27.532,27.532,27.497,27.445,27.394,27.376,27.29,27.238,27.169,27.186,27.169,27.134,27.065,27.047,27.082,27.099,27.099,27.117,27.082,27.047,27.099,27.117,27.047,27.065,27.065,27.047,27.065,27.099,27.099,27.117,27.099,27.082,27.047,27.03,26.995,26.961,26.961,26.891,26.839,26.839,26.856,26.804,26.839,26.822,26.839,26.787,26.804,26.804,26.787,26.787,26.735,26.804,26.839,26.856,26.856,26.856,26.909,26.874,27.047,27.255,28.665,30.343,30.612,30.544,30.511,29.346,27.635,27.169,27.099,27.082,27.117,27.203,27.324,27.307,27.307,27.307,27.186,27.03,26.909,26.891,26.856,26.822,27.065,27.376,27.566,27.894,28.511,29.414,30.107,30.141,30.073,29.888,29.329,28.597,28.186,27.687,27.584,27.514,27.497,27.532,27.532,27.618,27.549,27.584,27.601,27.566,27.566,27.566,27.549,27.584,27.566,27.584,27.601,27.584,27.584,27.566,27.549,27.549,27.549,27.566,27.497,27.514,27.514,27.532,27.566,27.618,27.601,27.549,27.514,27.566,27.601,27.618,27.653,27.67,27.67,27.721,27.773,27.825,27.842,27.876,27.945,28.1,28.134,28.151,28.168,28.186,28.186,28.186,28.254,28.408,28.408,28.443,28.46,28.426,28.374,28.237,28.031,27.876,27.842,27.859,27.79,27.79,27.756,27.756,27.825,27.842,27.808,27.842,27.945,27.945,27.911,27.945,27.962,28.014,28.048,28.048,28.065,28.031,28.083,28.031,27.997,27.962,27.98,27.997,27.997
,28.494,28.665,28.801,28.784,28.853,28.887,28.87,28.87,28.87,28.836,28.716,28.716,28.682,28.665,28.597,28.528,28.46,28.391,28.34,28.254,28.237,28.168,28.168,28.134,28.151,28.168,28.151,28.117,28.065,28.1,28.1,28.1,28.048,28.048,27.997,27.945,27.928,27.928,27.894,27.894,27.876,27.894,27.859,27.876,27.859,27.808,27.79,27.79,27.756,27.721,27.704,27.687,27.67,27.67,27.756,27.876,27.997,28.031,28.014,27.98,28.014,27.962,27.911,27.894,27.894,27.859,27.808,27.773,27.721,27.687,27.618,27.549,27.549,27.532,27.532,27.463,27.463,27.463,27.376,27.376,27.307,27.238,27.273,27.324,27.29,27.307,27.324,27.29,27.29,27.203,27.151,27.203,27.273,27.307,27.324,27.394,27.394,27.394,27.394,27.411,27.445,27.48,27.549,27.549,27.549,27.566,27.566,27.618,27.653,27.635,27.67,27.653,27.653,27.67,27.67,27.653,27.601,27.704,27.653,27.566,27.618,27.601,27.635,27.67,27.618,27.584,27.584,27.566,27.532,27.48,27.48,27.463,27.445,27.463,27.514,27.514,27.48,27.48,27.463,27.411,27.324,27.273,27.238,27.169,27.134,27.117,27.099,27.047,27.047,27.082,27.082,27.117,27.117,27.082,27.03,27.082,27.099,27.065,27.047,27.065,27.065,27.047,27.082,27.082,27.082,27.082,27.047,27.03,27.013,26.978,26.926,26.961,26.926,26.891,26.856,26.926,26.856,26.909,26.856,26.839,26.839,26.839,26.804,26.822,26.909,26.822,26.926,26.804,26.891,26.926,26.926,26.891,26.926,27.082,27.445,29.803,30.427,30.645,30.578,30.461,29.091,27.601,27.151,27.134,27.117,27.117,27.203,27.359,27.359,27.307,27.307,27.186,27.099,26.978,26.943,26.961,26.995,27.117,27.394,27.67,28.1,29.006,29.837,30.073,30.09,30.006,29.736,29.091,28.306,27.928,27.584,27.497,27.497,27.549,27.532,27.549,27.566,27.584,27.549,27.566,27.549,27.566,27.566,27.532,27.566,27.601,27.601,27.601,27.584,27.584,27.566,27.584,27.584,27.549,27.566,27.48,27.566,27.549,27.566,27.549,27.601,27.584,27.549,27.549,27.532,27.532,27.549,27.549,27.618,27.653,27.704,27.739,27.825,27.859,27.945,28.031,28.134,28.151,28.1,28.117,28.151,28.186,28.22,28.237,28.323,28.391,28.443,28.443,28.426,28.374,28.289,28.083,27.842,27.876,27.876,27.808,27.825,27.808,27.825,27.842,27.842,27.825,27.842,27.876,27.876,27.928,27.997,28.014,28.048,28.065,28.048,28.065,28.065,28.083,28.031,27.997,28.014,28.048,28.048,28.048
,28.494,28.58,28.784,28.801,28.887,28.887,28.853,28.853,28.819,28.75,28.801,28.716,28.733,28.699,28.58,28.494,28.426,28.391,28.357,28.203,28.237,28.151,28.168,28.186,28.186,28.203,28.186,28.134,28.151,28.151,28.083,28.083,28.065,28.065,28.014,27.962,27.928,27.876,27.894,27.876,27.859,27.876,27.859,27.876,27.842,27.825,27.808,27.756,27.704,27.67,27.67,27.67,27.687,27.721,27.825,27.945,27.997,28.031,28.031,27.98,28.014,27.945,27.894,27.876,27.876,27.894,27.859,27.79,27.721,27.687,27.601,27.549,27.514,27.497,27.584,27.497,27.445,27.411,27.359,27.324,27.29,27.273,27.255,27.255,27.29,27.359,27.324,27.307,27.307,27.238,27.203,27.255,27.29,27.324,27.359,27.394,27.428,27.428,27.445,27.411,27.428,27.411,27.48,27.48,27.497,27.514,27.532,27.584,27.618,27.601,27.653,27.653,27.618,27.584,27.549,27.584,27.566,27.584,27.549,27.532,27.601,27.653,27.601,27.584,27.601,27.584,27.566,27.584,27.584,27.497,27.463,27.445,27.428,27.463,27.48,27.445,27.445,27.428,27.394,27.324,27.221,27.221,27.221,27.151,27.065,27.099,27.065,27.065,27.082,27.082,27.082,27.117,27.099,27.065,27.082,27.065,27.099,27.065,27.082,27.082,27.082,27.065,27.065,27.065,27.065,27.065,27.03,27.013,26.978,26.961,26.961,26.909,26.926,26.909,26.926,26.926,26.926,26.909,26.909,26.822,26.874,26.874,26.856,26.909,26.839,26.891,26.909,26.961,26.856,27.047,27.013,26.943,27.082,27.082,27.894,30.023,30.628,30.679,30.561,30.427,28.58,27.532,27.151,27.169,27.169,27.134,27.255,27.394,27.428,27.342,27.307,27.238,27.151,27.03,26.995,27.013,27.065,27.221,27.411,27.704,28.306,29.312,30.006,30.04,29.922,29.837,29.346,28.528,28.083,27.618,27.532,27.549,27.48,27.497,27.497,27.549,27.549,27.566,27.549,27.566,27.549,27.549,27.549,27.549,27.566,27.601,27.584,27.584,27.584,27.566,27.566,27.601,27.584,27.584,27.549,27.566,27.566,27.566,27.601,27.584,27.584,27.601,27.566,27.549,27.549,27.566,27.601,27.584,27.618,27.67,27.704,27.739,27.808,27.859,27.962,28.134,28.186,28.186,28.168,28.151,28.151,28.186,28.151,28.271,28.289,28.323,28.391,28.426,28.408,28.357,28.271,28.1,27.894,27.876,27.842,27.79,27.825,27.773,27.756,27.721,27.739,27.773,27.808,27.876,27.894,27.859,27.962,27.962,27.98,28.031,28.031,28.048,28.065,28.065,28.031,28.014,28.031,28.031,28.014,27.997
,28.494,28.614,28.819,28.836,28.836,28.904,28.87,28.904,28.836,28.733,28.767,28.767,28.733,28.665,28.562,28.477,28.408,28.391,28.34,28.254,28.186,28.186,28.168,28.203,28.186,28.168,28.168,28.168,28.151,28.117,28.117,28.014,28.031,28.031,28.014,27.98,27.928,27.911,27.894,27.859,27.859,27.842,27.825,27.825,27.808,27.79,27.79,27.756,27.721,27.687,27.67,27.687,27.739,27.842,27.859,27.997,27.98,28.014,28.031,27.997,27.997,27.928,27.894,27.876,27.859,27.876,27.859,27.79,27.773,27.704,27.584,27.584,27.601,27.67,27.618,27.48,27.445,27.411,27.359,27.29,27.255,27.238,27.203,27.221,27.221,27.29,27.324,27.324,27.324,27.29,27.255,27.255,27.273,27.324,27.359,27.428,27.463,27.445,27.445,27.428,27.428,27.411,27.445,27.445,27.48,27.497,27.532,27.566,27.618,27.653,27.635,27.566,27.601,27.566,27.549,27.514,27.497,27.514,27.514,27.566,27.549,27.566,27.601,27.618,27.635,27.618,27.584,27.549,27.514,27.497,27.463,27.428,27.411,27.411,27.428,27.428,27.394,27.342,27.324,27.273,27.203,27.186,27.203,27.151,27.151,27.151,27.082,27.065,27.082,27.082,27.099,27.099,27.065,27.117,27.117,27.099,27.082,27.082,27.117,27.134,27.117,27.117,27.099,27.082,27.047,27.03,27.013,26.978,26.961,26.926,26.961,26.961,26.961,26.961,26.943,26.978,26.978,26.926,26.926,26.839,26.822,26.856,26.926,26.909,26.891,26.978,26.995,26.943,27.065,26.978,26.926,27.117,27.151,27.359,28.682,30.208,30.544,30.662,30.628,29.803,28.186,27.48,27.203,27.169,27.186,27.203,27.324,27.394,27.394,27.359,27.342,27.273,27.151,27.082,27.047,27.065,27.117,27.255,27.514,27.98,28.801,29.549,29.989,30.006,29.837,29.583,28.972,28.134,27.928,27.67,27.532,27.48,27.411,27.411,27.463,27.497,27.514,27.549,27.532,27.532,27.549,27.549,27.549,27.566,27.584,27.601,27.601,27.601,27.601,27.584,27.618,27.601,27.584,27.635,27.566,27.549,27.601,27.584,27.566,27.549,27.549,27.549,27.549,27.532,27.532,27.566,27.601,27.601,27.601,27.67,27.67,27.687,27.773,27.859,27.894,28.031,28.186,28.254,28.254,28.237,28.22,28.203,28.271,28.271,28.271,28.34,28.408,28.408,28.426,28.391,28.306,28.151,27.962,27.894,27.842,27.825,27.876,27.773,27.739,27.773,27.79,27.79,27.79,27.825,27.842,27.859,27.945,27.98,27.962,27.98,27.945,28.014,28.014,28.031,28.048,28.014,27.997,28.014,28.014,27.98
,28.528,28.58,28.665,28.836,28.87,28.87,28.87,28.921,28.921,28.819,28.767,28.784,28.58,28.648,28.58,28.46,28.408,28.391,28.357,28.289,28.168,28.203,28.271,28.237,28.186,28.186,28.186,28.134,28.117,28.1,28.083,28.065,27.928,27.962,27.962,27.945,27.945,27.945,27.911,27.876,27.859,27.825,27.808,27.773,27.756,27.79,27.79,27.756,27.773,27.721,27.653,27.635,27.739,27.842,27.876,27.962,28.014,28.031,28.014,27.98,27.98,27.911,27.842,27.859,27.842,27.859,27.842,27.825,27.79,27.704,27.601,27.601,27.514,27.635,27.601,27.48,27.463,27.445,27.359,27.29,27.255,27.203,27.186,27.186,27.238,27.273,27.307,27.324,27.307,27.273,27.238,27.238,27.273,27.29,27.342,27.411,27.48,27.48,27.463,27.445,27.445,27.445,27.463,27.463,27.514,27.48,27.514,27.532,27.601,27.618,27.618,27.618,27.549,27.48,27.514,27.497,27.514,27.514,27.497,27.514,27.532,27.514,27.584,27.601,27.584,27.601,27.549,27.549,27.514,27.497,27.48,27.428,27.376,27.394,27.394,27.359,27.376,27.411,27.359,27.29,27.221,27.186,27.151,27.134,27.134,27.099,27.117,27.099,27.082,27.082,27.082,27.082,27.082,27.082,27.099,27.082,27.082,27.099,27.117,27.151,27.134,27.117,27.082,27.082,27.047,27.03,26.995,26.961,26.978,26.943,26.909,26.891,26.995,26.978,26.995,26.995,26.961,26.909,26.909,26.856,26.874,26.874,26.874,26.943,26.961,26.995,26.961,26.978,27.065,26.995,26.995,27.03,27.169,27.307,29.397,30.309,30.679,30.679,30.595,29.533,28.031,27.411,27.238,27.203,27.221,27.238,27.307,27.376,27.376,27.359,27.307,27.29,27.169,27.082,27.065,27.065,27.117,27.29,27.79,28.631,29.431,29.888,29.989,29.972,29.786,29.04,28.117,28.134,27.876,27.67,27.376,27.48,27.411,27.411,27.463,27.463,27.514,27.514,27.514,27.514,27.549,27.549,27.584,27.601,27.601,27.601,27.601,27.618,27.601,27.584,27.704,27.653,27.653,27.635,27.584,27.584,27.584,27.584,27.566,27.549,27.532,27.514,27.514,27.532,27.514,27.514,27.566,27.584,27.584,27.653,27.653,27.618,27.739,27.894,27.928,28.048,28.22,28.271,28.254,28.254,28.254,28.186,28.168,28.168,28.254,28.357,28.374,28.391,28.391,28.391,28.306,28.151,28.031,27.962,27.859,27.859,27.876,27.859,27.773,27.739,27.773,27.773,27.79,27.808,27.825,27.894,27.928,27.962,27.997,27.98,27.911,27.997,27.945,27.945,27.997,27.997,27.997,28.014,27.962,27.962
,28.528,28.58,28.716,28.853,28.887,28.904,28.921,28.955,28.921,28.87,28.801,28.716,28.665,28.597,28.494,28.426,28.391,28.357,28.34,28.323,28.237,28.22,28.306,28.254,28.237,28.22,28.203,28.151,28.1,28.065,28.014,27.962,27.98,27.928,27.962,27.945,27.962,27.962,27.928,27.894,27.876,27.842,27.79,27.79,27.756,27.756,27.739,27.739,27.721,27.635,27.618,27.653,27.704,27.773,27.842,27.894,28.014,28.014,27.945,27.928,27.928,27.876,27.825,27.859,27.859,27.842,27.842,27.825,27.773,27.687,27.601,27.566,27.497,27.532,27.497,27.497,27.48,27.48,27.307,27.29,27.238,27.203,27.203,27.238,27.255,27.273,27.29,27.307,27.29,27.273,27.273,27.255,27.255,27.29,27.342,27.411,27.463,27.463,27.48,27.463,27.463,27.463,27.497,27.497,27.514,27.549,27.497,27.566,27.566,27.514,27.566,27.566,27.48,27.445,27.463,27.463,27.445,27.48,27.48,27.514,27.514,27.514,27.549,27.549,27.566,27.601,27.549,27.532,27.497,27.428,27.394,27.394,27.359,27.359,27.376,27.394,27.359,27.29,27.255,27.273,27.238,27.186,27.186,27.151,27.134,27.099,27.099,27.099,27.099,27.099,27.117,27.082,27.082,27.065,27.065,27.065,27.082,27.065,27.099,27.117,27.134,27.117,27.117,27.117,27.047,27.082,26.995,26.978,26.995,26.978,26.926,26.926,26.961,26.961,27.013,26.978,26.961,26.961,26.943,26.839,26.856,26.891,26.891,26.909,26.961,26.995,26.995,27.013,27.065,26.978,27.013,27.065,27.151,27.825,29.905,30.393,30.662,30.645,30.309,28.784,27.79,27.445,27.29,27.238,27.238,27.255,27.29,27.359,27.394,27.376,27.273,27.29,27.203,27.082,27.065,27.065,27.099,27.463,28.151,29.091,29.938,30.006,29.938,29.803,29.278,28.494,27.997,27.945,27.894,27.79,27.394,27.307,27.359,27.376,27.428,27.463,27.48,27.497,27.497,27.497,27.532,27.566,27.601,27.601,27.601,27.601,27.601,27.618,27.618,27.635,27.67,27.687,27.687,27.67,27.618,27.653,27.618,27.618,27.618,27.584,27.566,27.549,27.549,27.549,27.566,27.549,27.584,27.601,27.618,27.653,27.653,27.687,27.79,27.842,27.859,28.014,28.22,28.323,28.306,28.289,28.306,28.289,28.168,28.237,28.254,28.306,28.357,28.374,28.374,28.323,28.237,28.065,28.083,27.911,27.859,27.825,27.79,27.773,27.756,27.773,27.825,27.79,27.825,27.842,27.842,27.894,27.911,27.928,27.98,27.997,27.962,27.945,27.98,27.997,27.997,27.997,27.997,28.014,27.962,27.945
,28.494,28.597,28.733,28.784,28.887,28.887,28.921,28.938,28.904,28.836,28.784,28.733,28.631,28.597,28.494,28.391,28.374,28.323,28.306,28.34,28.289,28.271,28.306,28.289,28.289,28.254,28.22,28.203,28.151,28.048,28.014,28.014,27.98,27.945,27.962,27.962,27.962,27.98,27.945,27.894,27.876,27.842,27.79,27.773,27.756,27.756,27.773,27.756,27.704,27.687,27.687,27.704,27.704,27.739,27.825,27.894,27.876,27.928,27.928,27.928,27.945,27.894,27.842,27.876,27.842,27.825,27.825,27.808,27.756,27.704,27.618,27.532,27.549,27.549,27.584,27.463,27.445,27.394,27.359,27.29,27.221,27.238,27.203,27.186,27.255,27.29,27.29,27.307,27.273,27.255,27.255,27.255,27.255,27.29,27.324,27.394,27.394,27.411,27.48,27.463,27.463,27.497,27.514,27.514,27.549,27.584,27.48,27.532,27.514,27.463,27.497,27.549,27.463,27.428,27.445,27.394,27.394,27.463,27.463,27.514,27.549,27.549,27.532,27.566,27.566,27.514,27.532,27.514,27.445,27.411,27.394,27.394,27.342,27.342,27.359,27.342,27.342,27.307,27.221,27.169,27.169,27.151,27.151,27.134,27.117,27.117,27.099,27.065,27.099,27.117,27.134,27.099,27.082,27.065,27.082,27.047,27.065,27.065,27.065,27.099,27.082,27.082,27.065,27.082,27.047,27.013,26.978,27.03,26.995,27.013,26.978,26.978,26.943,26.926,26.978,26.995,27.013,26.926,26.943,26.891,26.839,26.874,26.891,26.874,26.943,26.961,27.047,27.013,27.065,27.03,27.047,27.047,27.117,28.426,30.158,30.511,30.612,30.662,30.006,28.289,27.584,27.342,27.221,27.221,27.238,27.255,27.307,27.359,27.411,27.394,27.324,27.273,27.186,27.134,27.117,27.099,27.186,27.67,28.767,29.719,29.938,29.989,29.989,29.786,29.006,28.117,27.962,27.945,27.756,27.653,27.549,27.307,27.324,27.359,27.411,27.445,27.463,27.463,27.48,27.497,27.497,27.549,27.601,27.601,27.601,27.601,27.601,27.601,27.635,27.635,27.601,27.687,27.687,27.67,27.67,27.67,27.653,27.635,27.635,27.601,27.584,27.566,27.566,27.549,27.584,27.618,27.584,27.618,27.653,27.67,27.653,27.687,27.79,27.842,27.825,27.945,28.151,28.203,28.203,28.271,28.22,28.289,28.254,28.289,28.306,28.306,28.34,28.374,28.357,28.306,28.237,28.186,28.014,27.894,27.842,27.825,27.79,27.721,27.687,27.739,27.808,27.842,27.808,27.842,27.842,27.876,27.876,27.928,28.014,27.945,27.997,27.98,27.997,28.031,28.048,27.997,27.98,28.031,27.98,27.928
,28.443,28.545,28.648,28.733,28.87,28.904,28.887,28.904,28.904,28.887,28.853,28.75,28.614,28.597,28.545,28.477,28.408,28.306,28.289,28.306,28.289,28.271,28.306,28.306,28.289,28.254,28.168,28.151,28.117,28.065,28.065,27.997,28.014,28.014,27.997,27.98,27.945,27.997,27.98,27.894,27.859,27.825,27.79,27.773,27.756,27.773,27.756,27.739,27.721,27.618,27.618,27.653,27.635,27.635,27.687,27.808,27.928,27.98,28.014,27.928,27.945,27.894,27.825,27.842,27.808,27.808,27.808,27.773,27.721,27.687,27.601,27.514,27.566,27.584,27.584,27.514,27.445,27.411,27.342,27.307,27.238,27.255,27.273,27.221,27.255,27.29,27.29,27.273,27.255,27.238,27.221,27.221,27.238,27.255,27.273,27.324,27.324,27.376,27.463,27.48,27.48,27.48,27.497,27.532,27.601,27.549,27.463,27.445,27.445,27.428,27.428,27.497,27.445,27.428,27.411,27.394,27.411,27.48,27.497,27.549,27.549,27.549,27.514,27.514,27.497,27.48,27.497,27.48,27.445,27.428,27.411,27.376,27.342,27.307,27.307,27.324,27.29,27.255,27.238,27.203,27.169,27.169,27.134,27.117,27.117,27.099,27.065,27.047,27.065,27.099,27.117,27.117,27.099,27.065,27.065,27.03,27.047,27.047,27.047,27.047,27.03,27.065,27.03,27.03,26.995,27.03,27.047,27.013,27.03,27.065,26.995,26.943,26.891,26.926,26.961,26.961,26.978,26.961,26.926,26.909,26.804,26.839,26.874,26.856,26.926,26.961,26.995,27.03,27.03,27.047,27.065,27.082,27.29,29.091,30.292,30.544,30.612,30.595,29.736,28.083,27.566,27.307,27.203,27.203,27.221,27.29,27.342,27.376,27.411,27.394,27.376,27.307,27.203,27.151,27.134,27.134,27.445,28.22,29.176,29.803,29.972,29.989,29.955,29.516,28.511,27.962,27.79,27.773,27.739,27.618,27.463,27.411,27.307,27.359,27.394,27.394,27.428,27.445,27.48,27.514,27.497,27.532,27.584,27.601,27.601,27.584,27.584,27.601,27.601,27.635,27.618,27.635,27.687,27.67,27.67,27.67,27.653,27.653,27.601,27.566,27.566,27.584,27.566,27.549,27.584,27.635,27.514,27.618,27.653,27.653,27.687,27.704,27.773,27.808,27.859,27.928,28.014,28.134,28.254,28.271,28.168,28.254,28.306,28.237,28.271,28.289,28.323,28.391,28.374,28.306,28.271,28.1,27.825,27.808,27.808,27.808,27.808,27.808,27.739,27.721,27.842,27.808,27.825,27.808,27.842,27.842,27.876,27.945,28.031,27.962,27.962,27.98,27.98,27.997,28.031,28.065,28.048,27.997,27.962,27.911
,28.357,28.511,28.631,28.699,28.853,28.921,28.887,28.853,28.904,28.87,28.801,28.682,28.562,28.614,28.58,28.511,28.391,28.289,28.271,28.289,28.271,28.22,28.289,28.289,28.289,28.22,28.168,28.151,28.117,28.1,28.065,28.048,28.065,28.065,28.014,27.997,27.928,27.98,27.98,27.894,27.825,27.808,27.79,27.756,27.739,27.756,27.739,27.756,27.67,27.601,27.601,27.635,27.601,27.618,27.756,27.859,27.945,27.997,27.997,27.98,27.962,27.962,27.825,27.79,27.756,27.773,27.773,27.756,27.687,27.635,27.584,27.532,27.549,27.566,27.532,27.532,27.48,27.411,27.394,27.342,27.29,27.307,27.29,27.273,27.307,27.29,27.238,27.255,27.273,27.221,27.186,27.221,27.238,27.255,27.255,27.255,27.29,27.255,27.342,27.463,27.48,27.445,27.463,27.532,27.549,27.497,27.411,27.376,27.394,27.394,27.394,27.428,27.394,27.428,27.411,27.394,27.445,27.514,27.549,27.566,27.566,27.566,27.549,27.532,27.48,27.445,27.428,27.445,27.445,27.411,27.394,27.324,27.29,27.29,27.29,27.255,27.238,27.221,27.169,27.117,27.151,27.169,27.134,27.117,27.082,27.03,27.013,27.065,27.099,27.117,27.117,27.117,27.065,27.065,27.047,27.03,27.03,26.961,26.909,27.013,26.978,26.978,27.03,27.047,27.047,26.995,27.065,27.013,27.03,27.047,26.978,26.961,26.926,26.943,26.995,26.961,26.995,26.909,26.856,26.891,26.856,26.822,26.839,26.856,26.891,26.926,26.961,27.013,27.03,27.03,27.099,27.169,27.497,29.719,30.393,30.528,30.578,30.528,29.431,27.962,27.532,27.359,27.203,27.203,27.186,27.273,27.359,27.376,27.394,27.394,27.394,27.324,27.255,27.203,27.186,27.255,27.721,28.819,29.736,29.955,29.989,30.023,29.803,29.21,28.374,27.962,27.721,27.79,27.721,27.601,27.411,27.463,27.359,27.359,27.359,27.376,27.411,27.428,27.48,27.497,27.514,27.532,27.532,27.566,27.584,27.584,27.532,27.566,27.584,27.601,27.653,27.584,27.653,27.635,27.635,27.635,27.635,27.601,27.566,27.549,27.566,27.584,27.584,27.584,27.601,27.635,27.549,27.566,27.584,27.584,27.618,27.704,27.773,27.825,27.911,27.997,28.1,28.151,28.237,28.254,28.168,28.254,28.237,28.151,28.186,28.237,28.289,28.374,28.374,28.22,28.203,28.083,27.945,27.859,27.808,27.79,27.79,27.756,27.739,27.79,27.825,27.808,27.808,27.79,27.808,27.825,27.859,27.945,27.945,27.928,27.962,27.997,28.031,28.048,28.065,28.065,28.014,27.997,28.014,27.945
,28.357,28.562,28.648,28.699,28.819,28.887,28.921,28.853,28.87,28.819,28.784,28.716,28.648,28.614,28.545,28.477,28.426,28.323,28.306,28.289,28.254,28.237,28.254,28.271,28.306,28.203,28.186,28.168,28.134,28.134,28.117,28.065,28.048,28.031,28.083,27.997,28.014,27.98,27.945,27.894,27.808,27.756,27.721,27.721,27.721,27.721,27.773,27.773,27.704,27.704,27.67,27.635,27.584,27.653,27.79,27.876,27.945,28.014,27.98,27.997,27.911,27.894,27.808,27.773,27.756,27.756,27.739,27.721,27.704,27.67,27.601,27.566,27.549,27.549,27.532,27.532,27.428,27.376,27.376,27.342,27.29,27.324,27.29,27.255,27.29,27.29,27.238,27.238,27.238,27.203,27.203,27.151,27.099,27.134,27.169,27.203,27.203,27.238,27.307,27.428,27.463,27.497,27.463,27.48,27.463,27.445,27.394,27.376,27.359,27.376,27.359,27.342,27.376,27.411,27.411,27.394,27.445,27.497,27.532,27.514,27.549,27.584,27.532,27.532,27.514,27.48,27.463,27.445,27.445,27.411,27.359,27.307,27.307,27.29,27.255,27.273,27.273,27.186,27.151,27.134,27.134,27.117,27.099,27.099,27.013,26.943,27.03,27.047,27.117,27.151,27.151,27.117,27.082,27.082,27.065,27.047,27.03,26.961,26.943,27.03,26.995,26.995,27.03,27.03,27.047,26.978,27.013,27.03,27.082,27.013,26.978,26.856,26.909,26.909,26.909,26.909,26.978,26.822,26.804,26.752,26.77,26.77,26.787,26.804,26.856,26.909,26.943,26.995,27.013,27.03,27.082,27.151,27.859,29.972,30.41,30.511,30.544,30.309,28.801,27.739,27.394,27.273,27.134,27.151,27.151,27.221,27.307,27.359,27.376,27.359,27.342,27.307,27.29,27.273,27.273,27.445,28.323,29.566,29.938,30.073,29.888,29.803,29.108,28.408,28.1,27.773,27.704,27.756,27.721,27.635,27.497,27.463,27.359,27.342,27.359,27.394,27.376,27.411,27.48,27.497,27.497,27.514,27.514,27.514,27.514,27.532,27.514,27.532,27.584,27.601,27.618,27.601,27.635,27.635,27.635,27.618,27.618,27.584,27.549,27.549,27.549,27.566,27.584,27.584,27.584,27.566,27.584,27.584,27.601,27.635,27.67,27.739,27.79,27.859,27.894,27.945,28.1,28.168,28.203,28.254,28.151,28.203,28.134,28.134,28.168,28.237,28.289,28.34,28.408,28.289,28.1,28.014,27.894,27.859,27.825,27.773,27.756,27.756,27.756,27.808,27.773,27.773,27.79,27.756,27.79,27.825,27.842,27.928,27.997,27.945,27.997,28.065,28.048,27.997,28.014,28.031,27.962,27.98,28.014,27.945
,28.323,28.545,28.75,28.801,28.801,28.836,28.887,28.887,28.853,28.801,28.767,28.733,28.682,28.631,28.545,28.528,28.426,28.34,28.323,28.306,28.306,28.289,28.237,28.237,28.289,28.186,28.151,28.168,28.134,28.134,28.134,28.083,28.048,28.048,28.031,27.911,27.945,27.962,27.911,27.876,27.825,27.721,27.704,27.739,27.721,27.739,27.756,27.773,27.721,27.721,27.704,27.635,27.601,27.67,27.704,27.79,27.928,27.911,27.962,27.911,27.945,27.945,27.825,27.808,27.773,27.756,27.721,27.67,27.653,27.618,27.566,27.549,27.549,27.549,27.514,27.497,27.376,27.342,27.324,27.307,27.324,27.307,27.29,27.255,27.273,27.273,27.221,27.238,27.221,27.169,27.169,27.134,27.117,27.117,27.099,27.169,27.203,27.186,27.273,27.411,27.428,27.497,27.463,27.411,27.411,27.394,27.394,27.394,27.394,27.359,27.324,27.307,27.376,27.411,27.428,27.411,27.428,27.463,27.497,27.463,27.497,27.514,27.497,27.514,27.514,27.463,27.445,27.445,27.445,27.428,27.376,27.29,27.238,27.203,27.221,27.221,27.186,27.169,27.169,27.117,27.099,27.099,27.099,27.065,27.03,27.03,27.065,27.082,27.099,27.099,27.099,27.099,27.047,27.03,27.047,27.047,27.047,27.013,26.961,26.995,27.013,27.03,27.047,26.995,27.065,27.013,27.047,27.013,27.03,27.03,27.03,26.961,26.909,26.891,26.891,26.856,26.839,26.735,26.7,26.735,26.717,26.717,26.752,26.787,26.839,26.874,26.926,26.961,26.995,26.995,27.047,27.169,28.306,30.006,30.393,30.511,30.511,29.803,28.1,27.394,27.273,27.186,27.117,27.134,27.169,27.203,27.238,27.273,27.342,27.359,27.342,27.307,27.221,27.186,27.359,27.962,29.057,29.905,29.972,29.938,29.82,29.431,28.699,27.997,27.842,27.704,27.739,27.704,27.739,27.601,27.532,27.463,27.376,27.359,27.359,27.359,27.376,27.394,27.445,27.463,27.463,27.48,27.48,27.48,27.514,27.514,27.549,27.618,27.584,27.601,27.584,27.601,27.635,27.584,27.635,27.618,27.584,27.566,27.549,27.532,27.532,27.549,27.584,27.601,27.566,27.549,27.584,27.601,27.584,27.635,27.635,27.704,27.79,27.842,27.894,27.945,28.083,28.151,28.151,28.203,28.134,28.117,28.1,28.151,28.168,28.271,28.408,28.443,28.374,28.34,28.22,27.997,27.876,27.808,27.79,27.773,27.739,27.739,27.773,27.79,27.756,27.721,27.773,27.773,27.773,27.825,27.876,27.945,27.876,27.98,27.997,28.031,28.014,27.997,27.997,27.997,27.997,28.014,28.014,27.928
,28.374,28.665,28.716,28.699,28.75,28.767,28.853,28.887,28.836,28.784,28.733,28.699,28.699,28.682,28.528,28.511,28.494,28.374,28.323,28.306,28.254,28.203,28.203,28.22,28.237,28.168,28.083,28.134,28.117,28.117,28.134,28.1,28.048,28.014,27.997,27.928,27.98,27.945,27.876,27.808,27.773,27.739,27.739,27.756,27.721,27.721,27.687,27.756,27.687,27.687,27.67,27.618,27.601,27.635,27.704,27.808,27.911,27.928,27.928,27.911,27.859,27.894,27.825,27.825,27.756,27.704,27.687,27.635,27.618,27.584,27.549,27.514,27.514,27.497,27.445,27.428,27.359,27.324,27.29,27.29,27.29,27.273,27.238,27.255,27.273,27.255,27.203,27.203,27.203,27.186,27.169,27.151,27.082,27.082,27.117,27.082,27.117,27.273,27.342,27.376,27.411,27.394,27.411,27.376,27.411,27.359,27.359,27.411,27.428,27.342,27.29,27.307,27.376,27.394,27.411,27.428,27.445,27.428,27.428,27.445,27.428,27.48,27.48,27.497,27.48,27.428,27.428,27.394,27.394,27.394,27.29,27.255,27.186,27.134,27.186,27.186,27.169,27.186,27.151,27.117,27.082,27.082,27.082,27.082,27.03,26.978,27.013,27.082,27.082,27.082,27.082,27.047,27.047,27.013,27.013,27.03,27.013,26.961,26.943,26.995,27.03,27.065,27.082,27.013,27.03,27.013,27.03,27.03,26.978,27.03,26.995,26.961,26.909,26.856,26.856,26.856,26.839,26.752,26.63,26.665,26.683,26.7,26.735,26.804,26.822,26.874,26.926,26.943,26.961,26.961,26.995,27.48,29.091,30.175,30.461,30.494,30.461,29.227,27.756,27.307,27.221,27.134,27.117,27.117,27.134,27.151,27.221,27.273,27.307,27.342,27.342,27.307,27.255,27.203,27.67,28.819,29.736,29.922,29.938,29.888,29.583,28.938,28.443,27.894,27.808,27.653,27.653,27.721,27.618,27.549,27.48,27.411,27.342,27.324,27.324,27.342,27.394,27.428,27.445,27.463,27.445,27.445,27.445,27.463,27.48,27.497,27.532,27.601,27.584,27.618,27.584,27.566,27.618,27.584,27.584,27.601,27.566,27.514,27.532,27.549,27.549,27.566,27.584,27.584,27.584,27.566,27.549,27.584,27.618,27.653,27.704,27.687,27.756,27.842,27.842,27.997,28.186,28.186,28.134,28.22,28.168,28.117,28.134,28.117,28.134,28.254,28.357,28.391,28.408,28.289,28.083,27.945,27.928,27.876,27.808,27.773,27.721,27.704,27.739,27.756,27.756,27.739,27.739,27.756,27.756,27.808,27.928,27.894,27.962,27.859,27.962,28.031,28.014,27.997,28.014,27.997,28.014,28.014,27.997,27.945
,28.391,28.699,28.767,28.784,28.819,28.836,28.904,28.819,28.801,28.75,28.716,28.682,28.682,28.648,28.545,28.562,28.46,28.426,28.34,28.271,28.22,28.186,28.151,28.134,28.168,28.151,28.117,28.117,28.117,28.134,28.117,28.065,28.031,28.014,27.98,27.962,27.962,27.894,27.876,27.825,27.773,27.773,27.756,27.704,27.704,27.653,27.687,27.704,27.687,27.704,27.618,27.601,27.601,27.635,27.687,27.739,27.808,27.894,27.911,27.876,27.894,27.859,27.808,27.825,27.739,27.687,27.653,27.635,27.601,27.532,27.532,27.514,27.48,27.445,27.394,27.359,27.307,27.29,27.255,27.255,27.221,27.221,27.221,27.238,27.255,27.238,27.203,27.203,27.203,27.203,27.169,27.151,27.099,27.03,27.03,27.099,27.203,27.307,27.394,27.394,27.342,27.359,27.342,27.342,27.359,27.359,27.376,27.376,27.359,27.342,27.29,27.307,27.324,27.29,27.394,27.394,27.411,27.394,27.342,27.411,27.359,27.463,27.428,27.445,27.445,27.428,27.411,27.376,27.376,27.359,27.221,27.186,27.151,27.117,27.186,27.169,27.134,27.099,27.099,27.117,27.099,27.099,27.082,27.03,26.961,26.926,26.961,27.065,27.082,27.099,27.082,27.03,27.013,26.995,27.013,26.995,26.978,26.926,26.926,26.978,26.995,27.03,27.099,27.013,27.03,27.013,27.047,27.013,26.995,27.03,26.909,26.943,26.874,26.787,26.752,26.787,26.752,26.752,26.63,26.613,26.648,26.665,26.7,26.752,26.804,26.839,26.909,26.943,26.943,26.943,26.961,27.842,29.719,30.343,30.528,30.461,30.242,28.614,27.497,27.238,27.151,27.047,27.03,27.03,27.065,27.099,27.169,27.221,27.307,27.376,27.359,27.29,27.273,27.394,28.186,29.431,29.837,29.905,29.972,29.651,28.836,28.323,28.048,27.808,27.773,27.67,27.635,27.67,27.514,27.48,27.376,27.342,27.255,27.255,27.307,27.342,27.359,27.411,27.445,27.445,27.463,27.445,27.411,27.445,27.445,27.48,27.549,27.566,27.566,27.601,27.566,27.584,27.618,27.618,27.601,27.584,27.549,27.514,27.514,27.549,27.549,27.584,27.601,27.584,27.584,27.566,27.549,27.584,27.601,27.635,27.653,27.704,27.721,27.721,27.756,27.945,28.203,28.203,28.151,28.237,28.22,28.134,28.117,28.117,28.151,28.289,28.426,28.408,28.271,28.374,28.048,27.98,27.911,27.842,27.808,27.756,27.687,27.67,27.687,27.687,27.721,27.739,27.739,27.739,27.739,27.773,27.842,27.928,27.928,27.962,27.98,28.014,28.014,28.014,28.014,27.997,27.962,27.962,27.911,27.928,

